1 0 7,2 3,3 3,9 3 3 17.03.1998
2 1 28,1 16,9 11,2 7 7 18.11.1982
3 2 15,6 7,4 8,2 14 14 23.06.1992
4 3 21,8 10,7 11,1 18 18 31.05.1996
5 4 17,3 8,3 9,0 4 4 22.05.1964
6 5 7,4 3,6 3,8 3 2 1 25.06.1992
7 34,2 16,7 17,5 15 15 24.12.1961
8 7 24,5 12,2 12,3 4 4 01.01.2014
9 8 10,5 5,7 4,8 4 4 10.07.1969
10 9 22,8 10,6 12,2 12 12 08.07.1988
11 11 16,0 8,2 7,8 8 8 12.01.1966
12 12 33,1 15,6 17,5 10 10 04.08.1966
13 101 19,6 9,4 10,2 10 10 03.05.2005
14 13 8,0 8,0 0,0 12 12 03.05.1988
13 15 16 14,3 7,0 7,3 4 4 30.05.1966
16 17 18,8 (13,4) 9,5 (6,7) 9,3 (6,7) 2 2 01.07.2012
17 982 14,1 7,1 7,0 3 3 01.07.2012
18 19 14,3 14,3 0,0 15 15 04.04.1992
13 19 20 20,3 9,5 10,8 3 3 02.01.1973
20 21 15,1 7,9 7,2 9 9 14.02.1998
21 4,4 2,0 2,4 3 3 23.05.2016
13 22 22 34,9 17,4 17,5 9 9 05.11.1946
23 6,5 2,5 4,0 3 3 23.05.2016
24 23 23,8 11,4 12,4 9 9 01.11.1969
25 24 24,6 12,4 12,2 6 6 08.02.1967
26 17,8 8,4 9,4 3 3 03.02.2014
27 26,5 13,3 13,2 13 13 01.07.1962
28 9,4 4,4 5,0 2 2 14.07.2008
29 26 13,7 13,7 0,0 6 6 25.05.1969
30 27 20,5 10,0 10,5 3 3 26.01.1969
31 28 20,4 10,1 10,3 12 12 10.12.1974
32 29 20,9 11,5 9,4 5 5 08.08.1995
33 17,5 7,9 9,6 3 3 03.07.2010
34 30 22,7 11,4 11,3 6 6 24.12.1996
35 31 14,8 7,3 7,5 7 7 03.01.1993
36 32 36,6 18,7 17,9 10 4 4 2 15.07.1998
37 8,3 4,7 3,6 5 2 3 15.07.1998
38 33 16,3 8,4 7,9 11 11 08.08.1978
39 34 29,6 15,2 14,4 10 10 05.10.1994
40 16,5 8,7 7,8 4 4 09.04.1982
41 35 13,3 6,2 7,1 3 3 09.04.1982
42 36 43,0 22,3 20,7 4 4 25.11.1996
43 37 49,1 23,7 25,4 19 19 06.11.1987
44 908 31,4 15,9 15,5 20 20 01.09.2013
45 38 14,2 7,8 6,4 5 5 20.08.2014
46 39 29,3 (11,4) 12,7 (5,5) 16,6 (5,9) 10 10 21.04.1992
47 565 12,2 6,2 6,0 6 6 05.03.2011
48 40 26,4 14,1 12,3 5 5 07.05.1965
49 2,4 1,0 1,4 1 1 16.05.2016
50 41 26,7 11,9 14,8 7 7 15.01.1964
51 42 19,7 11,0 8,7 6 6 28.04.1981
52 43 13,9 7,3 6,6 15 15 14.11.1997
53 44 25,9 11,7 14,2 15 15 29.12.1995
13 54 45 13,3 6,7 6,6 4 4 03.04.1972
55 46 6,3 3,1 3,2 2 2 06.01.1998
56 47 3,0 1,7 1,3 3 3 17.02.1990
57 48 22,9 12,2 10,7 8 8 01.12.1982
58 49 10,6 6,8 3,8 1 1 04.07.1992
59 50 14,8 7,8 7,0 12 12 30.12.1992
60 51 33,7 16,7 17,0 7 7 01.12.1996
61 7,6 3,1 4,5 5 5 30.05.2016
27 62 52 25,0 12,4 12,6 10 10 23.02.1965
63 53 18,7 9,4 9,3 4 4 16.02.1993
64 54 39,3 19,7 19,6 7 7 09.02.1975
65 55 10,2 5,1 5,1 4 4 25.12.1996
66 56 9,8 5,3 4,5 4 4 15.11.1961
13 67 57 24,8 12,2 12,6 5 5 17.02.1990
68 58 30,5 14,8 15,7 4 4 06.04.1982
69 59 24,5 11,6 12,9 9 9 04.03.1994
70 60 16,3 7,6 8,7 6 6 20.10.1975
71 61 11,5 5,6 5,9 14 14 13.11.1973
72 6,9 3,5 3,4 0 28.04.1979
73 62 15,0 7,4 7,6 3 3 01.08.1985
74 63 18,9 18,9 0,0 8 8 25.03.1964
13 75 64 30,3 15,2 15,1 7 7 13.08.1997
76 65 21,4 11,5 9,9 15 15 01.01.1965
77 9,5 5,5 4,0 5 5 30.06.2014
78 66 16,7 8,2 8,5 4 1 1 2 06.11.1965
79 67 22,3 (12,7) 11,0 (6,2) 11,3 (6,5) 5 5 17.11.1961
80 887 6,2 3,6 2,6 3 3 14.11.2009
81 68 16,1 7,9 8,2 8 8 22.06.1961
82 69 19,4 8,5 10,9 4 4 29.12.1992
83 70 7,9 (6,3) 4,1 (3,5) 3,8 (2,8) 15 15 31.10.1968
84 570 8,3 5,7 2,6 3 3 03.03.1983
85 71 29,0 14,5 14,5 14 14 30.05.1997
86 72 24,4 13,0 11,4 13 13 10.01.1998
87 73 20,5 20,5 0,0 10 10 23.11.1971
13 88 74 21,1 9,4 11,7 2 2 31.08.2005
89 75 28,2 13,8 14,4 12 12 02.06.1982
90 76 24,1 12,0 12,1 6 6 29.12.1994
91 5,5 5,5 0,0 3 3 30.05.2016
92 77 13,7 6,8 6,9 4 4 02.07.1970
93 78 16,3 7,9 8,4 7 7 11.10.1967
94 79 21,5 10,6 10,9 10 10 25.05.2010
95 80 10,2 5,2 5,0 14 14 20.09.1975
96 81 12,2 5,9 6,3 5 5 17.12.1998
97 82 28,4 14,7 13,7 5 5 17.06.1993
98 83 20,6 10,2 10,4 11 11 30.03.1996
13 99 84 26,0 (17,0) 14,1 (8,0) 11,9 (9,0) 15 15 01.12.2010
100 16,5 7,7 8,8 0 15.01.2011
101 384 9,8 4,2 5,6 4 4 15.01.2011
102 85 26,2 12,7 13,5 7 7 06.06.1978
103 86 23,6 12,8 10,8 8 8 08.02.1992
104 12,4 6,1 6,3 7 7 31.05.2014
105 87 22,3 11,9 10,4 3 3 10.01.1998
106 88 27,0 27,0 0,0 14 14 07.10.1997
13 107 11,6 6,2 5,4 3 3 25.06.2013
108 89 20,9 10,1 10,8 5 5 22.07.1998
109 90 21,4 10,6 10,8 14 14 01.09.1975
110 91 39,8 18,7 21,1 12 12 27.10.1956
111 92 25,8 13,6 12,2 22 22 02.07.1994
112 93 22,8 13,3 9,5 7 7 01.11.1975
113 94 28,7 14,6 14,1 8 8 09.05.2001
114 95 31,8 14,8 17,0 5 5 06.07.2006
115 96 16,2 8,2 8,0 24 24 14.01.1998
116 97 12,8 6,3 6,5 6 6 10.10.1972
117 950 37,6 18,6 19,0 8 8 21.05.2004
118 98 22,0 11,1 10,9 4 4 03.01.1993
119 99 34,8 (30,7) 17,7 (15,5) 17,1 (15,5) 18 18 21.02.1980
27 120 100 15,8 8,1 7,7 13 13 05.08.1991
13 121 818 21,6 11,4 10,2 10 10 26.11.1999
122 102 12,5 6,2 6,3 4 4 30.07.1996
123 103 35,3 17,9 17,4 12 12 06.11.1962
124 104 23,3 12,8 10,5 5 5 20.10.1967
125 105 26,8 13,7 13,1 4 4 30.08.1980
126 9,3 4,5 4,8 4 4 07.07.2007
127 106 21,7 10,5 11,2 6 6 14.01.1995
128 107 13,3 5,5 7,8 4 4 10.10.1992
129 108 23,8 11,5 12,3 9 9 27.12.2002
130 109 18,7 9,8 8,9 7 7 08.12.1993
131 110 10,8 6,2 4,6 3 3 27.12.1985
132 111 31,5 15,6 15,9 6 6 20.07.1993
133 112 16,5 8,1 8,4 18 18 15.12.2001
134 113 25,1 10,3 14,8 7 7 25.12.1973
135 114 30,0 15,3 14,7 8 8 01.03.1966
136 115 13,6 7,2 6,4 8 8 30.05.2016
27 137 116 25,6 12,8 12,8 6 8 28.09.1964
138 117 57,4 27,0 30,4 5 5 02.02.1979
139 118 33,3 18,1 15,2 4 4 19.12.1998
140 119 32,8 16,4 16,4 14 14 10.08.1973
13 141 120 20,4 10,1 10,3 7 3 4 08.06.1971
142 121 19,9 10,6 9,3 5 5 01.02.1972
143 122 21,2 9,2 12,0 7 7 10.09.1970
144 123 18,5 9,2 9,3 15 15 06.09.1965
145 124 21,4 10,7 10,7 21 21 24.08.1974
146 125 25,9 12,7 13,2 12 12 03.02.1961
147 126 18,4 7,5 10,9 5 5 23.02.1999
148 128 10,1 4,9 5,2 0 10.11.1998
149 130 21,0 10,3 10,8 8 8 20.02.1964
150 131 17,0 8,4 8,6 4 4 01.03.1963
151 14,3 7,3 7,0 3 3 30.01.1966
152 133 34,8 16,7 18,1 12 12 10.05.1990
153 134 7,7 3,8 3,9 4 4 30.12.1992
154 135 14,2 7,6 6,6 3 3 10.08.1970
155 136 48,7 24,8 23,9 7 7 12.01.1984
156 137 12,2 6,2 6,0 4 4 01.03.1963
157 138 7,5 7,5 0,0 4 4 01.04.1973
13 158 139 11,9 5,8 6,1 5 5 16.05.2016
159 140 8,1 3,9 4,2 4 4 28.01.1986
160 141 26,2 12,4 13,8 10 10 02.09.1963
161 142 33,1 16,4 16,7 12 12 15.07.1971
162 143 30,6 16,4 14,2 7 7 09.01.1975
163 25,1 13,4 11,7 8 8 01.02.2011
27 164 144 47,2 23,3 23,9 26 26 28.06.1984
165 444 7,5 3,2 4,3 6 6 01.05.1993
166 145 7,2 7,2 0,0 5 5 16.11.2002
13 167 9,7 9,7 0,0 5 5 01.06.2016
13 168 146 22,3 10,9 11,4 5 5 27.12.2002
169 147 22,9 11,7 11,2 7 7 11.09.1971
170 16,1 8,2 7,9 6 6 06.11.1987
171 148 23,2 11,5 11,7 8 8 25.08.1975
172 149 21,8 9,9 11,9 8 8 01.11.1974
173 150 13,4 (7,5) 6,9 (3,5) 6,5 (4,0) 9 9 10.08.1969
174 . 15,3 7,2 8,1 9 9 23.03.2009
175 151 17,3 8,6 8,7 4 4 25.01.1979
176 9,6 4,7 4,9 1 1 10.02.2014
177 152 16,3 8,3 8,0 4 4 09.11.2000
178 153 12,1 6,8 5,3 4 4 30.07.1975
179 154 30,8 16,1 14,7 15 15 20.12.1979
180 155 27,8 14,3 13,5 11 11 06.05.1966
181 156 27,0 13,3 13,7 10 10 15.05.1989
182 157 26,9 12,5 14,4 12 12 03.04.1972
183 16,3 6,5 9,8 4 4 07.04.2012
184 158 19,0 8,8 10,2 12 12 10.09.1993
185 159 29,9 14,4 15,5 10 10 01.01.1964
186 160 16,5 9,3 7,2 4 4 03.12.2002
187 161 21,2 10,6 10,6 7 7 01.01.1970
188 162 25,7 12,7 13,0 8 8 01.11.1965
189 163 22,7 12,6 10,1 11 11 30.04.1965
190 164 17,2 8,5 8,7 7 7 12.05.1965
191 14,6 5,9 8,7 3 3 20.08.2014
192 165 31,1 15,2 15,9 5 5 01.09.2000
193 166 14,0 6,9 7,1 6 1 2 3 01.04.1965
194 167 16,0 7,1 8,9 14 14 19.06.1973
195 168 17,0 8,3 8,7 9 9 01.09.1965
196 169 28,8 14,6 14,2 6 6 05.08.1971
197 569 20,6 10,1 10,5 6 6 20.08.2014
198 170 9,8 5,0 4,8 9 9 27.01.1970
199 171 27,5 13,6 13,9 12 12 08.01.1992
200 172 36,5 17,9 18,6 14 14 17.05.2016
201 533 9,5 4,7 4,8 8 8 05.11.1962
202 173 24,1 11,4 12,7 6 6 01.08.1989
203 174 14,9 7,3 7,6 6 6 09.10.1982
204 175 19,4 6,9 12,5 4 4 17.04.2007
205 176 15,6 7,6 8,0 12 12 04.03.2003
206 177 14,4 7,1 7,3 5 5 13.02.1994
207 178 20,0 9,9 10,1 9 9 08.12.1993
208 179 25,4 (13,4) 12,7 (6,7) 12,7 (6,7) 22 22 01.01.2014
209 180 10,5 5,5 5,0 2 2 24.02.1966
210 181 16,0 8,1 7,9 12 12 27.04.1972
211 182 21,6 11,1 10,5 7 7 01.07.1966
212 183 15,1 7,8 7,3 3 3 01.08.1970
213 184 8,1 3,7 4,4 4 4 04.08.2014
214 185 18,2 9,1 9,1 7 7 07.06.1984
215 186 27,7 13,0 14,7 6 6 05.09.1968
216 187 34,5 15,9 18,6 8 4 4 01.01.1967
217 188 9,1 9,1 0,0 10 10 01.05.1968
13 218 189 12,0 5,7 6,3 3 3 20.05.1980
219 190 17,3 9,4 7,9 8 8 10.03.1989
220 191 12,3 12,3 0,0 6 6 27.12.2007
13 221 192 11,2 5,4 5,8 7 7 10.08.1969
222 867 20,4 (25,3) 9,3 (12,1) 11,1 (13,2) 7 7 03.05.2011
223 193 36,1 15,6 20,5 8 8 01.03.1968
224 194 18,6 9,2 9,4 8 8 13.02.1968
225 195 18,1 10,9 7,2 10 10 21.03.1974
13 226 196 40,6 19,6 21,0 6 6 04.01.1971
227 197 5,9 5,9 0,0 2 2 16.11.1970
228 198 20,0 9,9 10,1 5 5 02.09.1968
229 199 27,4 (6,5) 13,9 (3,3) 13,5 (3,2) 9 9 01.10.1975
230 7,3 3,4 3,9 2 2 30.09.2015
231 200 18,6 9,2 9,4 8 8 28.11.1984
232 201 8,7 4,6 4,1 10 10 30.10.2004
13 233 202 28,6 14,0 14,6 11 11 01.06.1981
234 203 17,7 8,6 9,1 8 8 02.02.1980
235 204 13,8 7,1 6,7 16 16 23.12.1992
236 12,8 6,3 6,5 5 5 01.01.2012
237 40,7 20,2 20,5 26 26 26.05.1990
238 18,6 9,0 9,6 10 10 16.05.2016
13 239 207 4,9 4,9 0,0 2 2 17.04.2007
240 208 20,0 9,6 10,4 5 5 02.12.1968
241 209 6,7 3,2 3,5 13 13 10.11.1969
242 210 18,9 9,3 9,6 7 7 08.05.1995
243 211 17,1 8,3 8,8 3 3 11.09.1975
244 213 22,5 11,9 10,6 5 5 22.02.2002
245 214 21,7 11,1 10,6 2 2 30.12.1979
246 215 17,1 8,4 8,7 7 7 10.08.1969
13 247 6,7 3,3 3,4 3 3 10.08.1969
248 216 16,8 8,2 8,6 4 4 15.07.1971
249 217 6,4 3,0 3,4 6 6 10.08.1969
250 218 22,2 11,0 11,2 3 3 05.11.1971
251 13,0 6,3 6,7 3 3 14.01.1992
252 219 23,1 10,8 12,3 21 21 10.08.1969
253 220 18,2 (6,9) 9,6 (3,3) 8,6 (3,6) 9 9 10.08.1969
254 6,9 3,3 3,6 0 28.11.2005
255 221 19,8 9,7 10,1 8 8 01.10.1969
256 222 15,3 7,4 7,9 4 4 24.11.1969
257 223 14,8 (11,0) 7,1 (5,3) 7,7 (5,7) 21 21 07.01.1970
258 224 22,6 11,1 11,5 20 20 01.04.1970
259 225 15,9 8,0 7,9 9 9 07.08.1971
13 260 226 19,8 9,5 10,3 10 1 3 6 18.01.1996
261 227 22,8 11,8 11,0 13 13 01.02.1971
262 886 12,5 7,1 5,4 4 4 05.02.2010
263 228 25,6 12,8 12,8 6 6 26.12.1996
264 229 14,3 7,6 6,7 5 5 24.09.1971
265 230 15,5 7,8 7,7 15 15 01.11.1971
266 231 19,9 10,7 9,2 6 6 01.01.2015
267 232 10,0 5,3 4,7 7 7 05.11.1973
268 233 6,6 3,3 3,3 10 10 15.05.1973
269 234 5,6 5,6 0,0 3 3 01.07.2015
270 235 19,9 10,6 9,3 4 4 15.12.1971
271 236 21,3 10,8 10,5 11 11 15.03.1972
13 272 237 12,9 8,1 4,8 4 4 25.01.1986
273 238 46 29,2 14,4 14,8 9 9 07.06.1975
274 239 15,0 6,8 8,2 3 3 18.09.1972
275 240 10,7 5,1 5,6 3 3 27.12.2009
276 241 19,0 9,7 9,3 4 4 04.05.1973
277 242 11,3 6,1 5,2 5 5 18.08.1971
278 243 19,9 10,3 9,6 6 6 03.08.1995
279 244 17,8 9,8 8,0 7 7 11.08.1973
13 280 245 20,9 10,4 10,5 4 4 03.11.1973
281 246 21,4 11,2 10,2 5 5 10.12.1993
282 247 16,9 8,5 8,4 11 11 04.11.1972
283 248 18,5 5,2 13,3 3 3 27.12.2009
284 249 30,5 15,1 15,4 4 4 29.09.1984
285 250 19,6 19,6 0,0 11 11 06.06.1996
286 251 13,2 6,8 6,4 2 2 26.12.1972
287 6,9 3,6 3,3 3 3 18.08.2014
288 252 22,1 11,4 10,7 4 4 26.06.2015
289 253 18,6 (10,7) 9,6 (5,6) 9,0 (5,1) 13 13 01.02.1973
290 321 5,4 3,0 2,4 2 2 01.01.1977
291 254 25,6 13,0 12,6 5 5 04.02.1991
292 255 22,5 10,7 11,8 12 12 09.10.2007
293 256 6,1 3,5 2,6 3 3 05.11.1973
294 257 26,1 13,2 12,9 14 14 21.10.1992
295 258 17,3 8,6 8,7 5 5 06.11.1987
296 259 22,3 11,2 11,1 14 14 02.07.1994
27 297 260 20,9 8,4 12,5 5 5 15.06.1979
298 261 18,4 9,9 8,5 7 1 4 2 20.07.1977
299 262 7,3 3,4 3,9 3 3 18.04.1977
300 263 38,9 19,8 19,1 7 7 15.12.1975
301 264 17,2 10,1 7,1 12 12 20.01.1990
302 265 22,6 11,2 11,4 12 12 10.07.1981
303 266 17,2 8,2 9,0 10 10 09.06.1994
304 267 21,6 10,9 10,7 15 15 17.01.1998
305 269 19,7 9,7 10,0 3 3 02.06.1975
306 270 22,3 11,7 10,6 8 8 06.10.1984
13 307 271 23,9 12,0 11,9 2 2 08.11.1975
308 272 32,8 17,3 15,5 7 7 30.04.2003
309 273 20,4 10,2 10,2 4 4 28.12.2015
310 274 11,7 5,7 6,0 7 7 26.01.1976
311 275 40,0 19,5 20,5 20 20 04.04.1976
312 276 11,5 6,1 5,4 8 8 25.03.1979
313 277 10,0 10,0 0,0 3 3 03.06.2016
13 314 10,1 5,4 4,7 0 20.08.1979
315 278 19,3 9,7 9,6 11 11 06.07.1976
316 279 29,6 15,7 13,9 8 8 24.07.1995
317 280 26,4 11,5 14,9 11 11 30.05.2003
318 281 27,1 12,6 14,5 12 5 7 27.10.1976
319 282 39,6 18,8 20,8 19 19 01.01.2014
13 320 284 26,0 12,8 13,2 9 9 30.03.2009
321 285 12,0 6,0 6,0 1 1 17.11.2003
322 286 13,9 6,7 7,2 2 2 30.10.2003
323 287 16,3 7,6 8,7 2 2 17.10.1992
324 288 26,0 12,3 13,7 9 9 20.12.2000
325 289 25,2 14,8 10,4 13 13 14.08.1979
326 290 9,0 4,6 4,4 16 16 26.12.1977
13 327 291 37,5 20,1 17,4 4 4 13.12.1977
328 292 15,4 7,6 7,8 15 15 07.02.1977
329 385 139 36,0 18,1 17,9 4 4 12.04.2014
330 293 13,1 6,7 6,4 4 4 07.03.2000
331 294 22,6 22,6 0,0 12 12 30.09.1978
13 332 295 15,8 7,6 8,2 10 10 15.10.1978
333 296 20,8 10,1 10,7 17 17 17.02.1990
334 298 28,5 14,4 14,1 17 17 21.12.1977
335 39,4 19,0 20,4 2 2 14.03.2013
336 299 36,6 17,9 18,7 10 10 21.08.1978
337 304 74,9 (46,1) 38,7 (24,0) 36,2 (22,1) 20 20 01.07.2012
338 309 22,4 10,6 11,8 5 5 09.05.2016
27 339 310 16,3 8,1 8,2 10 10 03.06.2016
13 340 311 27,9 14,3 13,6 16 16 30.05.2016
341 312 9,5 9,5 0,0 6 6 30.05.2016
27 342 314 23,2 11,5 11,7 9 9 07.06.2016
343 315 5,4 2,7 2,7 4 4 01.06.2016
13 344 317 11,4 6,1 5,3 13 13 01.06.2016
345 318 11,1 11,1 0,0 5 5 03.06.2016
13 346 319 14,6 8,2 6,4 17 17 23.05.2016
27 347 320 11,3 5,4 5,9 4 4 18.12.2015
348 322 7,3 3,2 4,1 1 1 16.05.2016
13 349 326 26,3 13,4 12,9 13 13 30.05.2016
27 350 328 11,0 5,5 5,5 5 5 16.05.2016
13 351 329 27,7 27,7 0,0 12 12 01.06.2016
352 330 49,0 23,4 25,6 24 24 01.06.2016
13 353 332 17,1 7,8 9,3 6 6 30.05.2016
354 334 14,2 7,3 6,9 7 7 08.06.2016
129344, 355 336 19,8 19,8 0,0 10 10 17.05.2016
13 356 338 7,5 3,7 3,7 4 4 16.05.2016
357 340 7,5 3,6 3,9 4 4 07.06.2016
358 343 30,3 30,3 0,0 16 16 02.06.2016
13 359 346 8,0 4,4 3,6 6 6 09.05.2016
27 360 350 17,8 9,2 8,5 6 6 08.06.2016
27 361 352 29,9 15,4 14,5 7 7 16.05.2016
13 362 353 29,7 15,6 14,1 12 12 30.05.2016
363 361 14,0 6,6 7,4 8 8 09.05.2016
364 365 5,2 5,2 0,0 2 2 07.06.2016
365 368 6,7 3,1 3,6 4 4 30.09.2015
366 372 12,2 6,4 5,8 4 4 30.05.2016
367 374 30,2 15,7 14,5 31 31 02.06.2016
368 375 19,0 9,6 9,4 13 13 23.05.2016
13 369 376 9,1 4,1 5,1 2 2 02.06.2016
13 370 378 5,1 2,4 2,7 2 2 17.05.2016
13 371 379 18,8 8,7 10,1 11 11 07.06.2016
372 380 18,2 8,4 9,9 12 12 07.06.2016
373 386 7,6 3,7 4,0 5 5 16.05.2016
13 374 387 4,5 4,5 0,0 2 2 16.05.2016
13 375 388 8,6 4,0 4,6 7 7 01.06.2016
13 376 389 15,3 7,7 7,6 7 7 01.06.2016
13 377 390 15,4 7,6 7,8 5 5 03.06.2016
13 378 391 18,3 9,2 9,1 3 3 02.06.2016
13 379 394 16,7 8,1 8,6 11 11 02.06.2016
27 380 398 52,3 25,8 26,5 14 15 01.07.2012
381 404 14,4 14,4 0,0 8 8 01.06.2016
13 382 405 4,7 4,7 0,0 2 2 25.05.2016
13 383 409 5,9 5,9 0,0 2 2 07.06.2016
384 410 6,1 3,1 3,0 4 4 25.05.2016
13 385 412 17,3 8,1 9,2 11 11 03.06.2016
13 386 413 21,1 10,3 10,8 6 6 10.06.2016
387 415 29,7 14,4 15,3 11 11 16.05.2016
13 388 417 13,8 6,9 6,9 3 3 23.05.2016
389 418 16,1 6,8 9,3 3 3 17.05.2016
13 390 420 33,7 18,0 15,7 10 10 01.07.2012
391 423 3,4 3,4 0,0 2 2 16.05.2016
13 392 425 8,9 8,9 0,0 2 2 16.05.2016
13 393 426 10,2 5,7 4,6 3 3 10.06.2016
394 428 18,8 18,8 0,0 15 15 17.05.2016
13 395 429 22,3 11,7 10,6 6 6 30.05.2016
396 432 10,2 4,9 5,3 4 4 09.05.2016
397 433 42,8 21,2 21,6 11 11 01.07.2012
398 434 10,8 10,8 0,0 6 6 01.06.2016
13 399 436 17,3 8,2 9,1 5 5 17.05.2016
13 400 438 14,3 7,3 7,0 13 13 10.06.2016
401 440 13,7 6,8 6,9 5 5 07.06.2016
402 443 6,9 6,9 0,0 4 4 08.06.2016
129344, 403 447 11,5 6,7 4,9 10 10 01.06.2016
13 404 448 6,0 2,8 3,2 3 3 08.06.2016
405 451 40,0 21,2 18,8 10 10 03.06.2016
13 406 456 41,2 41,2 0,0 10 10 03.06.2016
13 407 457 15,4 15,4 0,0 9 9 01.06.2016
408 459 29,8 29,8 0,0 18 18 02.06.2016
409 461 17,4 7,9 9,5 9 9 16.05.2016
410 464 29,1 14,4 14,7 13 13 02.06.2016
13 411 466 20,6 20,6 0,0 9 9 16.05.2016
412 469 22,5 11,5 11,0 11 11 30.05.2016
413 8,6 4,8 3,8 4 4 30.05.2016
414 470 17,8 8,7 9,1 7 7 02.06.2016
13 415 471 8,5 8,5 0,0 12 12 08.06.2016
129344, 416 474 24,1 14,2 9,9 4 4 02.06.2016
27 417 483 4,7 4,7 0,0 4 4 09.05.2016
27 418 487 28,1 14,7 13,4 14 14 01.06.2016
13 419 491 17,7 8,6 9,1 7 7 30.05.2016
420 494 10,4 4,4 5,9 8 8 01.06.2016
13 421 496 6,8 2,8 4,0 2 2 23.05.2016
13 422 497 17,9 8,8 9,1 11 11 02.06.2016
13 423 500 10,8 5,4 5,4 6 6 16.05.2016
424 502 12,3 12,3 0,0 3 3 23.05.2016
13 425 503 142,7 71,4 71,3 7 7 15.06.2015
426 505 9,6 4,5 5,1 6 6 30.05.2016
427 508 87,9 43,8 44,1 6 6 25.09.1975
428 511 20,0 9,9 10,1 7 7 30.05.2016
27 429 512 78,8 37,9 40,9 5 5 28.05.1994
430 514 86,5 41,7 44,8 3 3 28.05.1994
431 515 73,3 35,3 38,0 3 3 25.09.1975
432 517 29,1 15,1 14,0 5 5 15.06.2016
13 433 519 20,5 20,5 0,0 7 7 01.06.2016
13 434 522 22,2 22,2 0,0 9 9 17.05.2016
13 435 524 25,1 12,6 12,5 5 5 10.06.2016
436 526 107,3 54,1 53,2 5 5 01.07.2005
437 528 9,6 4,8 4,8 2 2 17.05.2016
13 438 529 12,1 6,0 6,1 7 7 01.06.2016
13 439 530 14,5 7,5 7,1 6 6 08.06.2016
129344, 440 531 92,2 (54,0) 45,8 (27,0) 46,4 (27,0) 16 3 5 8 06.11.1987
441 540 4,3 4,3 0,0 3 3 09.05.2016
442 541 23,9 11,9 12,0 8 8 17.05.2016
13 443 544 19,6 (20,6) 19,6 (20,6) 0,0 (0,0) 8 8 17.05.2016
13 444 550 10,8 5,4 5,4 7 7 02.06.2016
445 551 29,4 14,6 14,8 14 14 08.06.2016
129344, 446 552 5,5 3,0 2,4 2 2 30.05.2016
447 553 33,4 18,0 15,4 12 12 01.06.2016
448 554 50,3 24,9 25,4 20 20 02.06.2016
13 449 555 23,5 11,6 11,9 8 8 01.06.2016
13 450 559 29,6 14,8 14,8 13 13 30.05.2016
27 451 561 8,3 8,3 0,0 5 5 07.06.2016
452 567 12,3 5,5 6,8 5 5 16.05.2016
13 453 571 33,7 16,5 17,2 7 7 16.05.2016
454 572 35,2 35,2 0,0 8 8 01.06.2016
13 455 574 6,2 6,2 0,0 3 3 23.05.2016
27 456 575 31,0 15,9 15,1 7 7 02.06.2016
13 457 577 25,6 12,9 12,7 9 9 15.04.1965
458 579 385 13,7 13,7 0,0 7 7 02.06.2016
459 591 24,0 12,1 11,9 12 12 16.05.2016
13 460 592 25,0 25,0 0,0 11 11 16.05.2016
13 461 594 10,5 5,5 5,0 4 4 16.05.2016
462 595 28,1 13,8 14,3 12 12 23.05.2016
27 463 597 19,2 10,1 9,1 11 11 03.06.2016
464 600 34,6 17,4 17,2 9 9 05.09.1984
465 601 22,1 11,0 11,1 15 15 01.11.1978
13 466 602 9,1 4,0 5,1 7 7 07.06.2016
467 603 19,3 9,6 9,7 7 7 22.04.1982
468 604 9,5 3,8 5,7 3 3 12.01.1985
469 605 22,6 11,1 11,5 29 29 30.09.1978
470 606 13,0 6,9 6,1 11 11 30.09.1978
471 607 7,6 4,1 3,5 6 6 06.08.1979
472 608 39,5 19,3 20,2 12 12 02.12.1978
473 609 11,4 5,8 5,6 3 3 27.12.2003
474 610 26,2 13,4 12,8 15 5 8 2 24.01.1979
475 611 47,1 22,3 24,8 10 10 01.01.2014
476 911 22,6 11,4 11,2 6 6 16.05.1980
477 612 15,3 7,6 7,7 3 3 10.10.1980
478 613 41,0 19,8 21,2 4 4 05.12.2003
479 4,4 4,4 0,0 1 1 07.06.2016
480 614 17,7 9,0 8,7 3 3 02.04.1999
481 615 18,6 9,6 9,0 5 5 30.12.1979
482 616 14,1 5,9 8,2 8 8 30.03.1983
483 617 15,9 7,8 8,1 15 15 30.12.1979
484 618 13,7 13,7 0,0 12 12 06.11.1979
13 485 619 23,1 23,1 0,0 10 10 01.04.1997
27 486 620 26,3 13,3 13,0 9 9 30.12.1979
487 621 18,5 9,4 9,1 5 5 09.08.2014
488 622 28,1 16,0 12,1 12 1 11 10.01.1982
489 623 23,4 11,4 12,0 11 11 29.12.1995
490 624 13,2 6,5 6,7 3 3 25.05.1982
491 625 6,8 2,7 4,1 4 4 07.06.2007
492 627 26,5 14,0 12,5 10 10 22.03.1984
493 12,2 5,8 6,4 6 6 29.03.2014
494 628 19,2 10,2 9,0 15 15 25.02.1982
495 629 57,2 31,6 25,6 1 1 28.06.2003
496 630 14,0 7,0 7,0 6 2 4 09.02.1996
497 631 22,5 12,3 10,2 7 7 02.10.1993
498 632 13,5 7,7 5,8 3 3 15.06.1981
499 633 31,5 16,6 14,9 2 2 10.01.1982
500 634 9,3 4,9 4,4 3 3 01.03.1980
501 635 25,6 13,2 12,4 5 5 11.02.1980
502 636 21,1 10,2 10,9 6 6 24.06.2003
503 637 20,0 10,0 10,0 14 14 22.06.1980
504 638 12,7 6,1 6,6 9 9 05.11.1980
505 639 16,4 7,7 8,7 4 4 03.03.1981
506 640 31,6 16,2 15,4 9 9 05.11.1982
507 641 16,1 16,1 0,0 11 11 08.09.2008
13 508 10,6 10,6 0,0 6 6 30.11.2011
509 642 42,5 20,2 22,3 17 17 31.12.1980
510 7,4 6,7 0,7 6 6 07.11.2008
511 643 8,2 5,4 2,8 4 4 12.03.2008
512 644 14,3 7,1 7,2 11 11 01.01.2014
27 513 645 21,4 9,8 11,6 11 11 25.06.1981
514 646 29,5 15,0 14,5 7 7 03.05.1982
515 647 8,8 4,4 4,4 6 6 01.01.2014
516 648 21,4 10,3 11,1 5 5 07.04.1984
517 649 12,2 6,4 5,8 4 4 01.09.2011
518 650 26,4 13,0 13,4 13 13 03.05.1982
27 519 651 27,1 13,5 13,6 2 2 13.12.1981
520 652 12,7 6,3 6,4 10 10 28.11.1981
521 653 7,7 (4,5) 3,9 (2,3) 3,8 (2,2) 14 14 15.02.1982
522 17,2 8,5 8,7 0 22.12.2004
523 654 14,9 7,3 7,6 8 8 01.10.1981
524 655 29,4 14,9 14,5 10 10 28.12.1981
525 656 15,6 7,8 7,8 6 6 23.04.1982
526 657 23,7 13,8 9,9 10 10 26.12.1996
527 658 19,9 10,2 9,7 13 13 05.04.1983
13 528 659 19,2 (13,9) 9,4 (5,6) 9,8 (8,3) 6 6 03.07.1982
529 660 13,5 13,5 0,0 6 6 24.08.1982
13 530 661 22,4 9,9 12,5 12 12 03.05.1983
531 662 7,8 4,5 3,3 5 5 15.12.1996
532 663 10,2 5,1 5,1 3 3 27.03.2006
533 664 10,6 5,4 5,2 4 4 04.03.1983
534 665 7,3 3,5 3,8 4 4 16.04.1983
535 667 14,2 14,2 0,0 14 14 01.08.1983
536 668 24,7 13,0 11,7 3 3 26.12.1995
537 670 20,8 11,6 9,2 9 9 15.04.1983
538 8,5 3,5 5,0 4 4 16.01.1984
539 671 34,1 17,5 16,6 10 10 28.02.1978
540 672 12,5 6,2 6,3 14 14 18.04.1983
541 673 11,1 5,8 5,3 10 10 16.04.1983
13 542 674 12,8 6,6 6,2 10 10 08.11.1983
543 5,6 2,8 2,8 3 3 01.07.2014
544 675 9,2 5,3 3,9 3 3 12.05.1984
545 676 12,2 6,5 5,7 3 3 15.06.2016
13 546 677 14,7 7,3 7,4 12 12 23.08.1983
547 678 18,8 6,2 12,6 13 13 30.07.1996
548 679 16,0 7,3 8,7 4 4 07.11.2005
549 680 18,3 9,1 9,2 11 11 08.11.1983
550 349 9,9 5,2 4,7 3 3 16.07.2012
551 681 8,6 4,3 4,3 10 10 12.12.2005
552 682 12,7 6,3 6,4 12 12 08.11.1983
553 683 15,6 7,1 8,5 2 2 08.11.1983
554 684 8,9 3,9 5,0 5 5 30.03.2004
555 685 21,2 9,7 11,5 7 7 16.07.1994
556 686 7,0 4,3 2,7 4 2 2 01.01.1984
557 687 15,3 7,3 8,0 10 10 18.02.1984
558 688 34,7 17,3 17,4 20 7 7 6 18.07.1984
559 24,4 24,4 0,0 6 6 01.08.2008
560 689 8,6 5,3 3,3 3 2 1 23.05.1990
561 690 20,9 10,6 10,3 8 8 16.09.1983
562 691 21,7 10,4 11,3 11 11 03.11.1983
563 13,0 13,0 0,0 8 8 03.06.2016
13 564 692 29,6 16,4 13,2 2 2 25.11.1983
565 693 12,6 5,3 7,3 3 3 24.02.1984
566 694 26,4 13,0 13,4 10 10 31.10.1983
567 695 9,4 4,7 4,7 6 2 4 21.02.1985
568 696 16,1 8,0 8,1 12 12 22.09.1979
569 697 6,2 6,2 0,0 2 2 10.01.1971
570 698 9,2 4,7 4,5 2 2 23.06.1987
571 699 26,9 13,7 13,2 9 4 5 24.03.1984
572 700 17,7 6,5 11,2 5 5 12.05.1984
573 701 35,1 15,9 19,2 12 12 06.04.1984
574 702 22,9 22,9 0,0 10 10 25.04.1984
13 575 10,8 6,3 4,5 0 01.11.2007
576 703 25,3 12,0 13,3 8 8 19.04.1984
577 704 14,7 14,7 0,0 8 8 30.12.1984
13 578 14,2 14,2 0,0 8 8 01.08.2008
579 705 10,5 5,2 5,3 4 4 02.07.1994
580 14,3 7,1 7,2 2 2 01.04.2014
581 707 30,0 15,2 14,8 8 2 5 1 01.12.1966
582 507 24,7 11,9 12,8 13 9 4 23.01.1998
583 708 22,1 9,5 12,6 4 4 09.08.2010
584 709 14,7 (9,3) 7,3 (4,4) 7,4 (4,9) 4 4 01.02.1985
585 9,8 3,5 6,3 8 8 15.12.2008
586 710 10,2 5,2 5,0 3 3 09.08.2014
587 711 17,8 8,9 8,9 14 14 30.12.1984
588 898 15,6 7,9 7,7 2 2 08.04.2014
589 712 8,3 4,0 4,3 6 6 10.03.2005
590 713 18,2 9,7 8,5 5 5 20.05.2005
591 714 9,0 9,0 0,0 12 12 25.06.1976
13 592 5,9 5,9 0,0 2 2 17.05.2016
593 715 12,7 (8,7) 5,1 (3,9) 7,6 (4,8) 9 9 15.01.1986
594 363 7,7 5,0 2,7 5 5 22.11.1990
595 17,0 9,4 7,6 3 3 16.09.1996
596 717 22,4 11,2 11,2 10 10 24.09.2012
597 718 16,9 9,0 7,9 6 1 2 3 02.07.1981
598 518 30,2 15,0 15,2 10 10 02.07.2011
599 983 46 5320 1980 12,6 6,7 5,9 1 1 02.07.2011
600 719 20,4 10,2 10,2 12 12 22.12.1992
601 393 10,7 4,5 6,2 2 2 28.06.2010
602 720 12,1 4,3 7,8 7 1 4 2 20.07.1977
603 22,0 10,6 11,3 2 2 20.06.2003
604 520 13,3 6,2 7,1 1 1 02.07.2011
605 721 8,0 4,2 3,8 4 4 08.01.1985
606 724 9,7 6,2 3,5 8 8 20.09.1984
607 725 23,9 12,8 11,1 4 4 30.09.1984
608 727 12,8 7,2 5,6 4 4 19.06.1999
27 609 728 10,4 5,3 5,1 4 4 31.08.2003
610 729 16,4 7,9 8,5 1 1 28.11.1984
611 730 25,3 12,6 12,7 6 6 01.10.2005
612 731 7,5 3,6 3,9 5 5 16.05.1985
613 732 28,4 14,2 14,2 11 11 08.10.1984
614 733 20,8 9,4 11,4 8 8 09.06.1985
615 734 22,0 11,5 10,5 5 2 3 01.01.2014
616 735 39,7 19,2 20,5 5 5 20.08.2014
617 26,4 13,2 13,2 6 6 08.01.2008
618 737 26,4 12,5 13,9 12 12 06.05.2008
619 738 21,9 10,5 11,4 7 7 28.11.1984
620 739 7,7 7,7 0,0 4 4 25.12.1984
13 621 740 15,9 8,6 7,3 3 3 22.02.1986
622 742 25,5 12,7 12,8 6 6 14.12.1987
623 743 9,7 4,6 5,1 3 3 23.10.2009
624 744 8,6 4,3 4,3 1 1 01.01.2014
625 745 9,0 9,0 0,0 10 10 25.12.1984
13 626 746 6,3 3,1 3,2 4 4 19.03.1991
627 748 8,6 4,2 4,4 6 6 31.12.1985
628 749 17,0 8,2 8,8 7 7 14.11.1985
629 750 37,1 18,5 18,6 8 4 4 01.10.1997
630 751 17,1 7,6 9,5 5 5 01.01.2014
631 752 22,4 12,4 10,0 16 2 6 8 25.05.1985
632 753 34,4 16,4 18,0 9 9 01.12.2012
633 754 5,9 2,6 3,3 1 1 20.01.1989
634 755 4,4 4,4 0,0 6 6 01.01.1993
13 635 756 9,5 4,7 4,8 9 9 03.06.1986
636 757 6,8 3,0 3,8 4 4 17.03.1994
637 758 14,6 7,2 7,4 3 3 02.07.2012
638 759 18,9 10,0 8,9 5 5 27.11.1985
639 27,5 13,2 14,3 8 8 01.04.2014
640 761 12,6 6,1 6,5 10 10 12.03.1985
641 762 15,6 7,4 8,2 4 4 11.11.1991
642 868 23,1 11,5 11,6 1 1 28.06.2010
643 763 25,1 11,9 13,2 13 13 02.07.1994
644 18,1 9,4 8,7 4 4 12.10.2009
645 764 10,4 4,7 5,7 9 9 10.12.2011
646 765 19,0 8,8 10,2 10 10 18.03.1987
647 766 9,4 4,9 4,5 1 1 14.02.1986
648 767 32,6 16,4 16,2 17 17 30.05.1991
649 768 17,7 8,9 8,8 5 5 13.12.1986
650 769 8,5 (5,8) 4,3 (2,8) 4,2 (3,0) 5 5 31.01.1985
651 5,8 2,8 3,0 0 31.01.1985
652 770 15,0 7,8 7,2 2 2 17.02.1990
653 771 20,0 20,0 0,0 14 14 15.03.1986
13 654 8,8 4,4 4,4 1 1 14.05.2010
655 774 32,0 15,6 16,4 32 32 08.03.1986
656 775 7,3 3,6 3,7 1 1 18.12.2002
657 776 16,5 9,4 7,1 3 3 15.11.2002
658 777 18,5 10,2 8,3 2 2 30.01.1991
659 778 10,7 6,1 4,6 2 2 15.04.1986
660 779 35,7 19,0 16,7 6 2 2 2 30.12.2007
661 780 8,3 4,8 3,5 2 2 29.11.1986
662 781 43,6 21,2 22,4 18 18 20.05.1986
663 782 13,3 6,5 6,8 2 2 17.12.2013
664 783 18,8 9,4 9,4 10 10 2016 665 784 15,6 7,6 8,0 5 5 01.10.2009
666 785 20,9 10,6 10,3 2 2 17.02.1988
667 786 23,0 11,2 11,8 5 5 23.06.1987
668 787 33,5 17,1 16,4 13 13 07.08.2006
13 669 788 24,0 11,6 12,4 6 6 17.05.2008
670 789 16,3 7,0 9,3 8 8 25.11.2006
671 790 4,4 4,4 0,0 6 6 01.01.1993
672 791 10,0 4,1 5,9 6 6 18.05.2006
673 792 14,6 7,4 7,2 15 15 01.01.2014
674 793 25,3 12,4 12,9 6 4 2 15.12.1994
675 795 12,4 6,2 6,2 2 2 15.06.2004
676 796 20,9 10,7 10,2 10 10 27.11.2007
677 797 16,2 9,3 6,9 4 4 31.03.1987
678 798 26,4 13,2 13,2 4 4 03.11.1995
679 799 23,1 10,2 12,9 6 6 22.01.2007
680 800 22,7 11,4 11,3 8 8 09.11.1994
681 801 23,2 12,1 11,1 4 4 02.05.2006
682 802 35,2 17,8 17,4 2 2 04.05.1975
683 803 29,6 15,1 14,5 6 6 06.11.1987
684 804 10,6 5,1 5,5 7 7 05.01.1974
685 805 17,6 7,5 10,1 3 3 12.09.2011
686 807 22,7 11,4 11,3 3 1 2 01.07.1990
687 808 11,4 5,8 5,6 1 1 11.11.2005
688 809 23,8 (6,2) 10,5 (3,1) 13,3 (3,1) 4 4 27.12.1989
689 24,4 12,8 11,6 3 3 25.06.1992
690 810 28,1 13,2 14,9 7 7 16.02.1989
691 811 19,3 9,8 9,5 10 10 17.12.1988
692 812 12,8 6,3 6,5 9 3 6 01.02.1991
693 813 7,6 3,7 3,9 3 3 17.08.1991
694 814 9,6 4,8 4,8 2 2 16.10.1989
695 815 13,8 13,8 0,0 16 16 02.07.1994
27 696 6,4 3,7 2,7 1 1 19.11.2007
697 816 48,4 21,9 26,5 2 2 08.09.1983
698 820 13,9 6,7 7,2 6 6 27.03.2006
699 821 15,1 7,5 7,6 16 16 15.10.2007
700 822 14,2 7,0 7,2 6 6 15.02.2008
701 824 10,3 4,9 5,4 7 7 08.06.2016
27 702 825 10,5 5,8 4,7 10 10 15.09.2012
703 826 18,9 9,5 9,4 13 13 07.07.2006
704 827 10,7 4,6 6,1 3 3 16.05.2016
705 829 13,7 5,2 8,5 5 5 18.08.1990
706 830 30,5 15,0 15,5 14 14 01.10.1997
707 831 10,4 5,1 5,3 4 4 01.10.2009
708 832 10,8 5,5 5,3 2 2 15.12.2007
709 833 27,2 13,3 13,9 9 9 15.10.2015
710 834 16,0 7,2 8,8 2 2 22.06.2008
711 835 14,0 7,4 6,6 3 3 11.01.2011
712 836 16,9 8,0 8,9 15 15 26.02.2009
713 837 15,7 7,9 7,8 3 3 27.12.2009
714 838 17,4 8,7 8,7 9 9 19.12.2007
715 839 6,8 4,1 2,7 2 2 27.04.2009
716 840 27,6 13,1 14,5 14 14 01.10.2010
717 841 17,8 8,5 9,3 21 21 26.11.2011
718 893 18,0 8,8 9,2 11 11 20.01.2014
719 842 11,1 5,4 5,7 4 4 08.12.2014
720 843 14,3 6,7 7,6 4 4 01.09.2009
721 844 29,4 14,1 15,2 6 6 03.10.2009
722 845 17,3 9,4 7,9 4 4 01.06.2016
13 723 846 6,6 3,4 3,2 3 3 27.12.2009
724 847 3,4 3,4 3 3 05.06.2010
725 848 23,3 12,3 11,0 17 17 06.05.2008
726 850 34,3 17,1 17,2 20 20 01.10.2011
727 853 6,6 6,6 0,0 4 4 28.04.2012
27 728 16,5 8,1 8,4 8 8 06.02.2006
729 855 15,7 7,6 8,1 13 13 04.02.2008
730 856 29,8 14,3 15,5 8 8 20.08.2014
731 857 13,9 6,8 7,1 7 7 21.02.2015
732 858 24,1 12,5 11,6 16 16 10.11.2010
733 859 15,8 8,0 7,8 8 8 01.01.2014
734 860 19,8 11,7 8,1 3 3 20.08.2012
735 861 10,0 4,8 5,2 2 2 08.10.2012
736 862 22,4 10,4 12,0 6 6 20.04.2013
737 863 30,5 14,5 16,0 12 12 08.10.2012
738 866 36,9 15,1 21,8 3 3 12.06.2015
739 869 25,9 12,8 13,2 4 4 01.06.2012
740 870 36,8 19,3 17,5 4 4 01.07.2012
741 871 24,2 13,2 11,0 1 1 01.07.2012
742 872 15,8 7,9 7,9 10 10 19.09.2015
743 873 20,7 10,4 10,3 1 1 01.07.2012
744 874 156,7 78,4 78,3 5 5 31.08.2013
745 875 42,6 21,4 21,2 3 3 05.09.2013
746 876 69,2 (62,8) 33,7 (30,5) 35,5 (32,3) 7 7 31.08.2013
747 877 47,4 23,4 24,0 13 13 01.06.2016
13 748 878 37,5 18,8 18,7 4 4 01.08.2013
749 879 55,2 28,8 26,4 2 2 01.08.2013
750 880 12,5 6,2 6,3 7 7 10.10.2012
751 881 25,5 12,8 12,7 5 5 01.08.2013
752 882 16,0 8,2 7,8 6 6 31.08.2013
753 884 28,8 14,3 14,6 11 11 09.09.2017
754 885 24,9 12,1 12,8 14 14 03.02.2014
755 888 14,7 7,4 7,3 8 8 16.05.2016
756 889 31,7 15,7 16,0 7 7 31.03.2014
757 890 27,6 13,4 14,2 2 2 31.08.2013
758 891 45,0 (36,0) 20,7 (18,2) 24,3 (17,8) 11 11 21.06.2014
759 892 24,4 13,3 11,1 7 2 5 23.04.2016
760 895 31,0 15,5 15,5 16 16 15.04.1965
761 896 5,8 2,8 3,0 2 2 20.05.2017
762 899 9,9 4,2 5,7 1 1 03.04.2015
763 901 39,6 19,4 20,2 32 32 22.10.2011
764 902 42,7 (26,9) 21,3 (13,1) 21,4 (13,8) 34 34 05.11.2011
765 903 26,7 13,1 13,6 22 22 19.11.2011
766 904 45,5 22,4 23,1 14 14 01.02.2012
767 905 43,0 21,5 21,5 24 24 01.07.2013
768 906 30,2 15,5 14,7 20 20 01.10.2016
769 907 35,7 17,6 18,1 17 17 23.12.2013
770 941 18,8 9,3 9,5 16 16 2016 771 957 27,9 14,0 13,9 11 11 08.06.2016
27 772 958 33,8 16,8 17,0 6 6 01.10.2009
773 961 14,6 8,9 5,7 5 5 21.12.2013
774 962 21,0 12,0 9,0 7 7 20.05.2013
775 964 72,4 37,2 35,2 7 7 01.10.2009
776 965 31,8 (31,3) 17,5 (17,1) 14,3 (14,2) 6 6 17.05.2016
13 777 975 5,8 3,1 2,7 3 3 07.06.2016
778 977 24,0 11,6 12,5 4 4 01.06.2016
13 779 981 9,8 5,1 4,7 6 6 08.06.2016
27 780 987 7,0 7,0 0,0 2 2 07.06.2016
781 994 23,0 11,1 11,9 5 5 16.05.2016
782 7,0 3,2 3,8 2 2 22.02.1984
783 17,5 17,5 0,0 6 6 01.01.2014
784 B 15,9 15,9 0,0 6 6 01.02.1993
785 15,9 15,9 0,0 20 20 31.08.2013
786 15,4 15,4 0,0 16 16 31.08.2013
787 14,2 7,4 6,8 3 3 26.02.2003
788 10,1 10,1 0,0 2 2 01.01.1964
789 36,1 18,3 17,8 4 4 01.01.2014
790 36,6 18,9 17,7 4 4 01.01.2014
791 41,5 21,1 20,4 5 5 27.03.2015
792 55,3 27,3 28,0 7 7 27.03.2015
793 43,4 21,5 21,9 5 5 27.03.2015
794 31,9 15,8 16,1 5 5 795 806 18,6 9,0 9,6 10 10 05.09.2007
796 22,6 11,9 10,7 4 4 23.07.2014
797 19,7 9,5 10,2 3 3 16.09.2015
798 24,4 12,5 11,9 6 6 15.03.2014
799 16,3 7,2 9,1 4 4 25.04.2015
800 17,4 9,2 8,2 4 4 09.01.2013
801 9,4 3,8 5,6 3 3 25.06.2015
802 21,7 21,7 0,0 3 3 30.05.2016
13 803 21,1 13,9 7,2 6 6 30.07.1996
804 14,9 7,7 7,2 8 8 26.08.2014
805 7,7 3,9 3,8 0 01.02.2015
806 736 24,7 12,6 12,1 7 7 01.02.2015
807 928 34,9 17,4 17,5 17 17 01.02.2015
808 1 27,9 13,8 14,1 16 16 01.01.2014
809 2 18,0 7,9 10,1 6 6 01.01.2014
810 3 25,9 (17,5) 13,0 (8,8) 12,9 (8,7) 7 7 01.01.2014
811 17,5 8,8 8,7 0 01.01.2014
812 4 6,7 6,7 0,0 4 4 01.01.2014
813 5 6,8 3,4 3,4 2 2 01.01.2014
814 17,2 8,6 8,6 4 4 01.01.2014
815 8 11,7 11,7 0,0 3 3 01.03.1977
816 9 14,0 14,0 0,0 8 8 11.03.1977
817 10 17,2 9,1 8,1 9 9 21.04.1982
818 11 17,4 17,4 0,0 14 14 12.11.1982
819 12 15,4 7,7 7,7 10 10 01.01.2014
820 14 7,8 3,4 4,4 3 3 15.08.2015
821 15 14,2 7,3 6,9 11 11 26.12.1994
822 16 10,8 (5,1) 5,2 (2,6) 5,6 (2,5) 7 7 18.01.1993
823 5,1 2,6 2,5 0 18.01.1993
824 17 7,0 3,5 3,5 13 13 18.01.1993
825 19 23,7 11,8 11,9 25 25 19.10.1994
826 20 17,7 9,3 8,4 4 4 01.01.2014
827 21 6,3 3,1 3,2 2 2 17.11.1997
828 22 7,6 4,3 3,3 2 2 12.02.1998
829 23 10,4 5,8 4,6 4 4 01.06.1998
830 24 9,4 4,8 4,6 1 1 01.10.2012
831 25 14,9 6,8 8,1 4 4 15.08.2015
832 27 21,2 10,4 10,8 4 4 01.06.1971
833 28 4,0 1,8 2,2 2 2 01.11.2009
834 29 10,4 10,4 0,0 6 6 01.12.2008
835 31 10,2 4,9 5,3 6 6 01.01.2014
836 32 23,4 10,8 12,6 12 12 01.10.2009
837 48,9 24,5 24,4 28 28 04.09.1993
838 31,2 15,8 15,4 29 29 04.09.1993
839 29,6 15,0 14,6 21 21 01.12.1997
840 21,6 10,8 10,8 18 18 25.09.1993
841 323 8,1 4,0 4,1 3 3 01.12.2005
842 4 19,6 10,5 9,1 12 19.05.1963
843 6 22,8 9,2 13,6 11 23.11.1992
844 7 39,3 22,1 17,2 11 24.11.1984
845 8 23,1 11,5 11,6 10 17.05.1963
846 27,0 13,7 13,3 20 20 06.11.1970
847 26,6 12,9 13,7 10 10 06.11.1985
848 11 38,3 19,2 19,1 13 16.02.1980
849 20,0 10,0 10,0 0 01.08.1999
850 12 19,2 10,0 9,2 0 22.06.1964
851 16,0 7,6 8,4 14 14 11.11.1977
852 14 30,4 15,5 14,9 19 12.03.1984
853 15 29,8 14,5 15,3 19 19 11.10.1977
854 35,2 17,0 18,2 17 17 26.05.1980
855 17 26,0 12,8 13,2 24 11.11.1977
856 21,4 10,7 10,7 16 16 31.12.1989
857 39,7 19,5 20,2 22 22 31.12.1989
858 22,3 (10,7) 10,9 (5,3) 11,4 (5,4) 18 18 01.07.1992
859 36,7 18,0 18,7 10 10 13.09.2010
860 21 14,0 7,1 6,9 6 04.07.1965
861 22 24,6 12,1 12,5 20 13.09.1983
862 25,5 12,8 12,7 1 1 19.05.1963
863 24 10,5 5,5 5,0 10 30.06.1984
864 27,9 14,6 13,3 18 18 12.04.1971
865 27 22,1 10,9 11,2 11 08.08.1986
866 28 18,0 9,6 8,4 18 05.06.1993
867 22,2 11,1 11,1 11 11 19.10.1966
868 15,7 7,7 8,0 0 20.04.1993
869 30 25,7 13,0 12,7 15 21.11.1984
870 23,4 11,7 11,7 17 17 19.01.1981
871 33,9 17,1 16,8 20 20 02.11.1972
872 17,5 8,9 8,6 10 10 29.09.1981
873 16,8 8,3 8,5 10 10 14.08.1993
874 34 28,4 (22,5) 14,9 (11,1) 13,5 (11,4) 35 28.11.1963
875 22,5 11,1 11,4 0 03.02.2012
876 35 22,7 11,5 11,2 15 21.02.1974
877 36 26,6 12,7 13,9 13 14.10.1976
878 37 17,4 8,1 9,3 0 10.11.1999
879 38 18,2 (9,6) 9,6 (4,9) 8,6 (4,7) 9 01.04.1993
880 5,9 3,0 2,9 1 1 01.04.1993
881 19,8 9,8 10,0 7 7 01.01.1964
882 40 35,9 18,5 17,4 14 01.07.1977
883 41 26,7 12,8 13,9 8 21.06.1972
884 42 11,7 5,7 6,0 7 19.05.1963
885 43 35,2 19,5 15,7 19 30.12.1975
886 13,9 7,5 6,4 4 03.08.2009
887 303 145,0 72,6 72,4 1 1 11.12.1997
888 17,0 8,4 8,6 9 9 23.12.1983
889 23,9 11,9 12,0 15 15 19.10.1966
890 48 14,5 6,9 7,6 0 21.11.2005
891 49 15,3 8,7 6,6 15 01.01.2014
892 50 17,1 8,9 8,2 5 01.07.1985
893 9,6 4,8 4,8 12 12 15.01.1970
894 52 11,8 6,1 5,7 23 17.01.1966
895 53 23,9 11,8 12,1 10 28.12.1974
896 54 17,9 8,4 9,5 18 20.01.1975
897 10,5 5,1 5,4 13 13 11.06.1966
898 27,6 13,9 13,7 25 25 01.12.2005
899 57 13,1 5,7 7,4 15 13.10.1970
900 58 5,9 3,0 2,9 9 02.02.1971
901 59 11,0 5,0 6,0 23 01.01.2014
902 60 11,3 5,2 6,1 20 04.03.1973
903 61 7,9 4,1 3,8 5 17.06.1971
904 34,8 17,0 17,8 44 01.11.1969
905 31,8 15,8 16,0 22 22 15.11.1985
906 28,3 14,1 14,2 22 22 21.11.2005
907 64 16,0 8,3 7,7 21 19.02.1972
908 65 21,1 9,2 11,9 16 29.11.1976
909 66 18,5 9,5 9,0 11 01.01.2014
910 36,5 18,3 18,2 7 7 01.04.1977
911 33,7 16,9 16,8 26 26 30.11.1975
912 6,7 3,6 3,1 3 30.11.1975
913 35,7 17,6 18,1 12 12 30.12.1976
914 72 31,7 15,7 16,0 33 08.04.1978
915 73 24,7 12,6 12,1 26 12.03.1982
916 74 18,0 9,1 8,9 23 22.02.1985
917 75 20,7 10,4 10,3 8 03.12.2016
918 76 17,2 8,2 9,0 21 21.07.1980
919 77 13,8 7,0 6,8 19 31.12.1985
920 39,5 19,7 19,8 20 20 01.01.2014
921 26,6 13,4 13,2 14 14 01.01.2014
922 80 14,2 7,4 6,8 7 05.02.1979
923 81 15,0 7,2 7,8 3 18.12.1999
924 21,3 11,9 9,4 8 8 01.01.2014
925 83 17,4 8,4 9,0 15 11.11.2003
926 17,7 8,0 9,7 8 8 05.02.1993
927 85 25,8 12,7 13,1 16 22.01.1992
928 25,2 16,5 8,7 13 13 10.11.1992
929 10,8 5,6 5,2 6 6 01.01.2014
930 15,5 15,5 0,0 0 19.01.1966
931 15,7 15,7 0,0 0 19.01.1966
932 1 15,1 7,4 7,7 14 01.01.1971
933 2 19,8 9,9 9,9 14 11.08.1976
934 3 31,7 15,9 15,7 18 01.01.2014
935 12,3 12,3 0,0 6 30.07.1984
936 12,3 12,3 0,0 5 30.07.1984
937 6 23,7 11,6 12,1 25 29.07.1989
938 11,0 5,4 5,6 0 29.07.1989
939 7 32,6 16,4 16,2 20 19.11.1995
940 8 19,8 10,0 9,8 13 01.08.1999
941 9 9,1 4,6 4,5 9 22.09.2012
942 10 11,1 5,4 5,7 6 05.11.1995
943 11 34,5 17,4 17,1 30 18.09.1972
944 12 15,3 7,6 7,7 14 18.11.1968
945 13 21,7 10,7 11,0 14 30.07.1984
946 14 16,1 8,0 8,1 11 01.09.1982
947 15 18,7 9,2 9,5 9 05.11.1995
948 16 30,8 15,2 15,6 11 21.04.1979
949 17 22,9 11,3 11,6 26 16.07.1993
950 19 13,1 6,5 6,6 5 29.06.1975
951 3,8 3,8 0,0 0 02.02.2009
952 20 14,7 7,5 7,2 4 15.07.1971
953 21 12,5 6,1 6,4 7 19.10.1981
954 23 - 14,3 6,7 7,6 10 11.08.1973
955 24 28,0 14,0 14,0 18 27.06.1983
956 25 16,6 8,6 8,0 8 01.09.2013
957 26 21,0 10,4 10,6 16 21.04.1979
958 27 17,7 8,9 8,8 20 28.06.1991
959 28 14,1 7,0 7,1 8 01.09.1985
960 11,6 5,7 5,9 6 25.10.2008
961 29 10,8 5,3 5,5 7 27.02.2006
962 30 27,4 13,7 13,7 15 26.01.1991
963 31 16,0 8,2 7,8 9 16.11.2013
964 32 15,7 7,5 8,2 6 10.02.1983
965 33 16,2 7,8 8,4 0 11.08.1976
966 34 35,4 17,6 17,8 16 30.09.1993
967 15,6 8,1 7,5 4 03.03.2015
968 35 31,0 15,6 15,4 22 15.06.1982
969 36 27,3 13,6 13,7 23 20.05.1971
970 37 30,8 15,4 15,4 15 11.08.1976
971 38 21,1 10,4 10,8 16 15.06.1982
972 39 29,2 14,6 14,6 16 04.08.1985
973 40 13,4 6,6 6,8 4 01.12.2009
974 43 30,7 15,6 15,1 16 01.01.2014
975 45 19,6 9,8 9,8 11 19.04.1985
976 46 32,4 16,5 15,9 14 04.11.1987
977 47 22,0 10,9 11,1 15 14.04.1986
978 10,1 5,0 5,1 8 17.06.1995
979 49 19,7 10,0 9,7 8 06.06.2015
980 50 14,1 7,0 7,1 16 12.03.1973
981 20,4 10,3 10,1 6 01.08.1997
982 13,6 6,8 6,8 8 08.02.2015
1429 1 14,3 6,5 7,8 1 03.09.2008
141172, 1430 2 10,0 5,0 5,0 2 03.09.2008
141172, 1431 4 6,0 3,0 3,0 2 03.09.2008
141172, 1432 46 35,6 17,8 17,8 13 13 22.11.2011
1433 50 14,8 7,4 7,4 2 12.03.2009
1434 53 18,2 9,1 9,1 3 1 2 16.02.2009
1435 304 85,4 42,7 42,7 14 14 03.07.2008
1436 398 53,4 26,7 26,7 24 24 09.04.1998
1437 422 19,5 10,0 9,5 0 1438 433 42,2 20,9 21,3 16 11 5 15.05.2008
142191, 1439 504 10,6 5,3 5,3 6 6 18.05.2000
142771, 11/71 1440 512 70,4 35,2 35,2 7 7 04.09.1998
1441 521 37,0 18,5 18,5 9 7 2 27.11.2002
1442 522 69,4 34,7 34,7 12 12 01.08.2006
1443 531 54,4 27,2 27,2 8 8 04.09.1998
1444 548 21,4 10,7 10,7 6 6 19.05.2008
1445 577 25,7 12,9 12,8 10 10 04.09.1998
1446 590 29,0 14,5 14,5 24 24 01.08.2006
1447 592 17,4 8,7 8,7 6 6 17.12.2003
1448 600 16,1 9,1 7,0 2 2 15.05.2008
142771, 11/71 1449 804 9,5 4,9 4,6 6 6 04.09.1998
1450 882 12,4 6,2 6,2 5 5 24.02.2010
1451 885 20,8 10,4 10,4 10 10 16.12.2008
1452 887 91,0 45,5 45,5 10 10 24.02.2010
1453 894 66,2 33,1 33,1 8 8 24.02.2010
1454 895 14,9 7,5 7,4 12 12 04.09.1998
1455 952 10,4 5,2 5,2 6 6 17.12.2003
1456 953 19,2 9,1 10,1 6 6 05.11.2003
1457 967 34,2 16,3 17,9 15 15 1458 985 24,9 12,3 12,6 8 8 1459 1011 26,7 13,0 13,7 14 14 04.10.2011
142770, 1460 300 44,6 22,7 21,9 20 20 1461 301 19,6 10,0 9,6 4 4 1462 302 7,2 3,6 3,6 2 2 1463 305 8,4 4,2 4,2 4 4 1464 306 12,7 6,3 6,4 3 3 1465 307 20,1 9,9 10,2 4 4 1466 308 7,3 3,6 3,7 2 2 1467 324 19,1 9,1 10,0 5 5 30.06.2018
1468 325 27,5 27,5 0,0 4 4 27 1469 327 7,2 7,2 0,0 3 3 1470 333 13,9 13,9 0,0 9 9 26.08.2018
1473 33,3 16,8 16,5 9 9 27.08.2018
129344, 1474 485 31,5 15,6 15,9 14 14 1475 509 32,8 16,4 16,4 4 4 1476 17,6 8,7 8,9 2 2 1477 523 14,8 8,0 6,8 6 6 1478 17,1 8,6 8,5 6 6 23.06.2018
1479 580 19,3 9,9 9,4 8 8 23.06.2018
