1111100 AB
366 441 479 517 566 616 669 695 721 799 852 901 950 980 1010 1039 1110 1151 1192 1238 1285
1111100 AB red
404 754 1068
1111100 AB green
460 634 652 777 825 877 1054 1332 1379
1111100 AB darkblue
1426
1111100 BA
340 378 417 456 502 568 601 635 668 715 763 844 877 918 959 1006 1054 1103 1167 1202 1237 1264 1291 1332 1373 1415
1111100 BA red
535 812 1135
0000011 AB
367 458 503 543 584 614 644 674 704 734 803 843 883 923 962 1001 1041 1130 1174 1224 1274
0000011 AB red
413 763 1085
0000011 AB green
823 1324
0000011 AB darkblue
1374
0000011 BA
340 380 420 460 500 567 600 640 680 720 750 780 845 881 917 952 988 1024 1061 1098 1187 1238 1281 1324 1367 1410
0000011 BA red
533 810 1136
