1111100 AB
322 350 378 402 416 424 439 454 469 476 490 505 523 530 542 563 594 620 648 672 698 731 753 784 810 836 863 892 923 944 974 997 1029 1049 1063 1081 1091 1103 1115 1138 1149 1159 1172 1191 1207 1228 1243
1111100 BA
342 370 398 422 440 447 462 477 492 499 513 528 547 553 565 586 617 643 671 695 721 754 776 807 833 859 887 915 946 967 997 1020 1052 1072 1086 1104 1114 1126 1138 1162 1172 1182 1195 1214 1230 1251 1266
0000010 AB
322 341 371 391 420 439 469 493 523 541 572 596 624 648 671 697 724 756 783 805 837 860 883 907 940 964 992 1024 1039 1073 1087 1100 1120 1139 1148 1172 1196 1219 1243
0000010 BA
342 361 391 412 441 460 490 514 544 562 593 617 645 669 692 718 745 777 804 826 858 881 904 928 961 985 1013 1045 1060 1094 1108 1121 1141 1161 1170 1193 1217 1240 1264
0000001 AB
322 341 371 391 420 439 460 487 512 534 560 587 620 645 677 701 731 753 781 805 829 856 880 903 929 950 976 997 1024 1046 1073 1100 1119 1143 1160 1175 1196 1212 1243
0000001 BA
342 361 391 412 441 460 481 508 533 555 581 608 641 666 698 722 752 774 802 826 850 877 901 924 950 971 998 1018 1045 1067 1093 1121 1140 1164 1181 1196 1217 1235 1264
