1111100 AB
323 350 374 398 411 424 437 450 462 474 486 498 510 522 534 546 558 577 596 615 634 653 672 691 710 729 748 767 786 805 824 843 862 881 896 912 928 944 960 977 993 1009 1026 1042 1058 1074 1086 1097 1108 1119 1131 1143 1155 1171 1186 1205 1223 1242 1262 1280 1316 1353 1389
1111100 AB red
643 1214 1232 1252 1298 1335 1425 22
1111100 BA
360 387 411 436 451 465 478 491 503 515 527 539 550 561 572 583 595 614 633 652 671 690 709 728 747 766 785 804 823 842 861 880 899 919 936 952 968 984 1000 1017 1033 1049 1066 1082 1098 1114 1126 1137 1148 1159 1170 1181 1193 1209 1224 1243 1261 1279 1298 1316 1352 1389 1425
0000011 AB
350 373 397 422 448 475 502 528 555 582 608 635 662 688 715 742 768 795 822 848 875 902 928 955 981 1001 1021 1041 1061 1081 1107 1133 1160 1187 1213 1239 1263 1286 1320 1354 1388
0000011 AB red
1251 1337 1422 16
0000011 BA
385 408 434 461 487 514 541 567 594 621 647 674 701 727 754 781 807 834 861 887 914 941 967 994 1020 1040 1060 1080 1100 1120 1146 1172 1199 1224 1250 1275 1297 1320 1354 1388 1422
