1111100 AB red
350 372 390 426 444 467 491
1111100 AB
408 521 551 581 611 641 671 701 731 761 791 821 1186 1227 1267 1308 1349 1390 1431 32
1111100 AB green
846 871 895 920 945 970 995 1020 1045 1071 1097 1127 1156
1111100 AB darkblue
1121 1247 1288 1329 73 114
1111100 BA
360 457 576 605 635 665 695 725 755 785 815 845 875 1240 1272 1306 1347 1388 1429 30 71
1111100 BA red
389 411 433 477 495 518 542
1111100 BA green
903 928 952 977 1002 1027 1053 1079 1104 1130 1157 1184 1213
0000011 AB
353 381 410 440 470 500 530 560 590 620 650 680 710 746 781 816 852 887 922 958 993 1028 1063 1089 1115 1142 1176 1209 1242 1272 1311 1350 1390 1430 30
0000011 AB red
1297 1324 70 110
0000011 BA
359 388 416 448 478 508 538 568 598 628 658 688 718 752 791 826 861 897 932 967 1003 1038 1073 1108 1134 1160 1187 1221 1254 1281 1307 1346 1385 1425 25 65
