1111100 AB
329 353 376 399 413 427 441 456 470 485 497 509 521 533 553 576 600 624 648 672 691 710 728 746 763 780 796 813 830 846 861 877 893 906 919 932 946 973 986 1010 1022 1035 1060 1073 1096 1105 1114 1124 1142 1155 1181 1193 1206 1225 1235 1264 1277 1291 1305 1345 1359 1378 1417 1436 15
1111100 AB red
960 998 1048 1086 1133 1168 1216 1244 1254 1318 1331 1398
1111100 BA
362 386 409 435 452 467 481 496 510 525 537 549 561 573 593 616 640 664 688 712 731 750 768 786 803 820 836 853 870 886 901 917 933 946 959 972 986 1013 1026 1050 1062 1075 1100 1113 1136 1145 1154 1163 1180 1193 1219 1231 1244 1262 1271 1297 1310 1324 1338 1378 1392 1411 10 29 48
1111100 BA red
1000 1038 1088 1126 1171 1206 1254 1279 1288 1351 1364 1431
0000011 AB
329 353 376 399 425 452 479 507 534 561 589 616 643 670 698 725 752 780 800 820 841 862 882 902 923 944 964 984 1016 1032 1064 1078 1105 1118 1145 1176 1192 1208 1256 1272 1318 1333 1377 1392 1407 4 26
0000011 AB red
1000 1048 1092 1131 1160 1224 1240 1288 1303 1348 1363 1422
0000011 BA
362 386 409 434 462 489 516 544 571 598 626 653 680 707 735 762 789 817 837 857 878 899 919 939 960 981 1001 1021 1053 1069 1101 1115 1142 1155 1182 1213 1229 1245 1289 1305 1351 1366 1410 1425 0 37 59
0000011 BA red
1037 1085 1129 1168 1197 1261 1275 1321 1336 1381 1396 15
