1111100 AB red
310 330 350 372 385 397 409 422
1111100 AB
437 451 465 486 507 528 549 570 590 611 632 652 672 690 708 726 744 762 781 799 818 837 858 1113 1131 1148 1163 1178 1198 1219 1239 1259 1280 1301 1322 1342 1362 1382 1402 1422 2 22 42 291
1111100 AB green
879 901 923 944 965 986 1007 1027 1044 1061 1078 1096
1111100 BA
330 488 504 520 542 564 585 606 624 643 664 685 705 725 743 761 779 797 815 834 852 871 890 911 1169 1183 1198 1213 1228 1248 1267 1283 1300 1320 1340 1361 1381 1401 1421 1 21 41 61 81
1111100 BA red
347 369 391 411 427 443 458 473
1111100 BA green
935 959 983 1004 1025 1046 1067 1088 1105 1122 1139 1155
0000011 AB
318 344 371 391 411 431 451 471 489 507 525 543 565 587 609 631 654 677 699 721 742 762 782 802 822 839 855 871 888 905 925 945 965 986 1006 1027 1047 1068 1085 1101 1117 1134 1151 1168 1189 1211 1233 1250 1266 1282 1298 1314 1334 1354 1374 1394 1414 1434 14 34 291
0000011 BA
330 357 383 410 430 450 470 490 513 531 549 567 585 607 629 651 673 696 721 744 767 788 808 828 848 868 885 901 917 934 951 971 991 1011 1032 1052 1073 1093 1114 1131 1147 1163 1180 1197 1214 1235 1257 1275 1290 1305 1321 1337 1353 1373 1393 1413 1433 13 33 53 73
