1111100 AB
420 434 448 462 475 488 501 511 521 532 547 562 578 593 608 624 639 655 671 687 703 719 739 758 777 791 805 819 833 848 863 878 893 908 923 938 953 968 983 998 1014 1027 1038 1049 1060 1071 1081 1091 1101 1112 1123 1133 1143 1154 1164 1174 1185 1195 1214 1231
1111100 AB red
427 990 1065 1138
1111100 AB green
1205 1223 1240 1249 1265 1282
1111100 BA
455 469 483 497 510 523 536 546 552 561 575 590 606 621 636 652 667 683 699 715 731 747 767 786 805 819 833 847 861 876 891 906 922 937 952 967 982 997 1012 1027 1043 1056 1067 1078 1089 1100 1110 1120 1130 1141 1152 1162 1172 1183 1193 1203 1210 1219 1237 1254
1111100 BA red
462 1019 1094 1167
0000011 AB
320 345 370 395 420 441 461 482 503 524 545 565 586 607 627 648 669 690 710 731 751 772 793 813 834 854 875 896 916 937 958 978 991 1003 1015 1027 1040 1053 1065 1077 1089 1102 1115 1127 1139 1160 1181 1201 1222 1243 1263
0000011 AB red
1170 1191 1281 1298 1314
0000011 BA
343 368 393 418 450 471 491 512 533 554 575 595 616 637 657 678 699 720 740 761 781 802 823 843 864 884 905 926 946 967 988 1008 1021 1033 1045 1057 1070 1083 1095 1107 1119 1132 1145 1157 1169 1190 1211 1231 1252 1270 1286
