1111100 AB red
321 352 382 1137 1153 1169 1187 1203 1221 1255 1350 1356 1395 1420 1430 165 285
1111100 AB
420 435 450 465 480 495 510 525 540 560 580 600 620 640 660 680 700 720 740 760 780 800 816 832 848 864 880 896 912 928 944 960 976 992 1008 1019 1030 1041 1052 1063 1074 1085 1096 1107 1118 1129 1145 1161 1178 1195 1212 1231 1247 1263 1279 1295 1312 1328 1344 1362 1380 1410 0 30 60 90 120 150 180 210 240 270
1111100 BA red
301 316 331 346 361 376 418 448 462 478 493 1002 1057 1079 1112 1144 286
0000011 AB red
330 350 385 1158 1199 1215 1247 1311 1326 1390 1400 15 135 285
0000011 AB
429 446 463 480 497 514 532 550 567 584 601 618 635 653 671 689 707 725 743 761 781 801 821 841 861 879 898 917 936 955 974 993 1008 1020 1032 1044 1056 1068 1080 1092 1104 1116 1128 1140 1152 1164 1176 1191 1207 1223 1239 1255 1271 1287 1303 1318 1333 1348 1364 1380 1410 0 30 60 90 120 150 180 210 240 270
0000011 BA red
306 326 346 363 376 422 508 534 1004 1028 1088 1112 1124 286
