1111100 AB
308 329 350 360 371 376 381 392 397 414 418 426 437 444 463 478 494 515 532 548 564 580 590 600 610 620 630 640 650 660 670 680 690 700 710 720 730 740 750 760 770 780 790 800 810 820 830 840 850 860 870 880 890 900 910 920 925 930 935 940 945 950 960 970 980 990 1000 1010 1015 1029 1039 1054 1068 1071 1083 1093 1105 1120 1147 1169 1185 1201 1217 1232 1247 1270 1293 1316 1339 1362 1385 1407
1111100 BA
327 348 369 390 411 436 449 467 486 501 517 530 538 546 554 559 564 569 574 579 585 601 611 621 631 641 651 661 671 681 691 701 711 721 731 741 751 761 771 781 791 801 811 821 831 841 851 861 871 881 891 901 912 923 933 943 953 963 973 983 993 1003 1013 1023 1038 1052 1062 1077 1091 1106 1112 1116 1128 1137 1143 1162 1169 1178 1185 1191 1207 1223 1239 1254 1271 1291 1314 1337 1360 1383 1406 1428
1111100 BA red
379 395 400 404 416 421 426 431 441 445 452 456 460 463 472 477 482 489 493 497 505 509 513 521 525 535 542 550 948 958 968 978 988 998 1008 1018 1028 1033 1042 1048 1058 1067 1072 1082 1088 1094 1098 1102 1119 1124 1132 1149 1156
0000011 AB
309 329 348 368 387 407 428 450 471 493 514 536 557 579 600 622 643 665 687 708 730 751 765 779 794 808 822 837 851 865 880 894 908 929 951 972 986 1000 1015 1029 1043 1058 1072 1086 1101 1115 1129 1144 1164 1185 1207 1229 1251 1271 1290 1310 1329 1349 1368 1388 1407
0000011 BA
327 347 366 386 405 426 448 470 491 513 534 556 577 599 620 642 663 685 707 728 750 771 785 799 814 828 842 857 871 885 900 914 928 949 971 992 1006 1020 1035 1049 1063 1078 1092 1106 1121 1135 1149 1164 1184 1205 1227 1249 1270 1289 1308 1328 1347 1367 1386 1406 1425
