1111100 AB
305 330 344 358 373 388 400 412 426 441 457 474 491 508 525 552 574 599 625 651 677 702 727 742 758 773 789 807 820 835 850 864 878 893 907 923 942 964 982 1002 1022 1043 1065 1087 1109 1132 1152 1171 1191 1211 1231 1251 1271 1292 1317 1340 1366 1389 1415 2
1111100 BA
364 393 419 445 474 492 512 532 543 558 566 575 585 595 605 631 652 677 703 729 755 780 805 820 836 851 867 885 898 913 931 950 970 992 1013 1035 1060 1081 1104 1127 1138 1147 1170 1189 1209 1226 1243 1257 1271 1285 1300 1315 1334 1354 1377 1400 1425 7 33 58
1111100 BA red
432 459 482 502 522 550 1005 1049 1093 1111 1157 1197
0000011 AB
305 335 365 395 421 446 472 498 524 550 576 602 628 654 680 706 732 758 784 810 836 854 872 890 909 928 947 966 984 1002 1020 1038 1057 1084 1110 1137 1163 1189 1215 1241 1268 1295 1323 1351 1379 1406 1435 24
0000011 BA
364 394 424 457 487 512 538 564 590 616 642 668 694 720 746 772 798 824 850 876 902 920 938 956 975 994 1013 1032 1050 1068 1086 1104 1123 1150 1176 1203 1229 1254 1279 1302 1326 1353 1381 1409 1437 24
