1111100 AB
317 333 349 365 381 397 408 419 430 440 450 460 471 482 494 506 518 530 547 564 581 598 615 633 651 669 687 704 721 739 757 775 793 810 827 845 863 881 899 917 935 952 969 987 1005 1018 1032 1046 1059 1072 1083 1094 1105 1116 1127 1138 1149 1160 1171 1182 1200 1219 1242 1262 1281
1111100 AB red
1230 1249 1256 1269 1313 1320 1346 1352 35 54
1111100 AB green
1307 1333 1359 1380 1401 1419 1437 16
1111100 BA
354 370 386 402 418 437 451 464 475 485 495 505 516 527 539 553 564 576 592 609 626 643 660 678 696 714 732 749 766 784 802 820 838 855 872 890 908 926 944 962 980 997 1014 1032 1052 1066 1080 1094 1107 1120 1131 1142 1152 1161 1172 1182 1193 1204 1215 1226 1244 1263 1282 1301 1320
0000011 AB
317 332 346 360 374 388 402 416 430 444 459 474 489 504 519 534 549 564 579 594 609 623 637 651 666 680 694 708 722 736 750 765 780 794 808 822 836 850 865 880 896 912 929 946 963 980 994 1008 1022 1036 1050 1064 1079 1094 1108 1122 1136 1151 1166 1181 1196 1210 1224 1238 1252 1263 1278 1291
0000011 AB green
1284 1308 1345 1375 1389 1406 45 63
0000011 AB red
1304 1313 1326 1339 1351 1360 1370 1380 1397 1414 1432 9 27
0000011 BA
354 369 384 398 412 426 444 458 472 486 500 514 529 544 559 573 587 601 616 631 646 660 674 689 703 718 733 747 761 776 790 805 820 834 848 863 877 891 901 911 921 931 942 953 967 981 995 1009 1023 1038 1052 1067 1082 1096 1110 1125 1139 1154 1169 1183 1198 1213 1228 1244 1259 1272 1285 1300 1315 1330
