1111100 AB
308 326 344 362 370 378 385 392 399 406 413 420 427 434 441 447 454 460 466 472 478 484 491 498 505 512 519 526 533 544 555 566 577 588 599 610 621 632 642 651 660 670 679 688 698 707 717 727 736 745 755 764 774 783 792 802 811 820 828 836 844 852 861 870 878 887 896 905 914 923 932 942 951 960 969 979 986 993 1000 1007 1014 1021 1028 1035 1042 1049 1056 1063 1069 1075 1082 1089 1096 1103 1110 1117 1125 1132 1140 1148 1156 1164 1172 1180 1188 1196 1204 1212 1220 1229 1238 1247 1257 1267 1275 1284 1293 1311 1329 1347 1365 1384 1402 1420 1438 16 34 52
1111100 AB red
1216 1225 1252 1262 1272 1280 1289 1302 1319 1338 1356 70 88 106 123
1111100 BA
340 358 376 394 402 410 417 424 432 440 449 461 468 475 482 488 495 501 507 513 519 525 531 537 543 549 554 560 566 571 582 593 604 615 626 637 647 657 667 677 686 695 705 714 723 732 741 751 760 769 777 785 793 802 810 818 826 834 842 850 857 865 873 881 889 897 906 916 925 933 942 951 960 969 978 987 997 1007 1016 1026 1036 1043 1050 1057 1064 1071 1078 1085 1092 1099 1106 1113 1120 1126 1132 1138 1144 1150 1155 1161 1167 1173 1180 1187 1194 1201 1208 1215 1221 1227 1233 1239 1246 1253 1259 1265 1270 1277 1283 1290 1297 1309 1321 1333 1345 1364 1383 1402 1419 1436 14 32 50 67 84
0000011 AB
310 323 336 350 364 377 390 403 417 431 446 460 474 489 504 519 534 549 568 587 606 624 642 660 679 697 715 733 752 765 777 790 802 814 826 838 850 863 875 887 901 916 930 945 960 974 988 1000 1012 1024 1037 1049 1061 1073 1085 1097 1110 1122 1140 1158 1176 1195 1213 1231 1250 1268 1285 1302 1320 1338 1356 1374 1392 1406 1420 1433 7 21 35 49
0000011 AB red
1293 62 76 90 102 116
0000011 BA
342 355 368 382 396 409 422 436 451 466 481 492 504 516 528 540 552 565 577 589 601 613 625 638 650 662 674 686 698 710 723 735 747 759 771 783 796 808 818 828 838 848 859 870 881 891 901 911 922 933 944 955 966 977 988 999 1010 1022 1034 1046 1058 1070 1083 1095 1107 1117 1127 1136 1145 1155 1165 1175 1184 1194 1203 1217 1231 1245 1259 1273 1287 1301 1315 1329 1343 1357 1371 1385 1399 1413 1426 0 14 28 41 54 67 81
