1111100 AB
367 387 407 422 436 450 464 478 493 507 521 535 555 575 596 617 637 657 677 692 707 722 736 751 766 781 796 811 826 841 856 871 886 902 919 936 953 970 987 1004 1020 1035 1049 1063 1077 1092 1107 1114 1122 1141 1150 1160 1178 1198 1208 1218 1238 1258 1267 1277 1296 1306 1314 1324 1333 1344 1372 1386 1400 1428 16 45
1111100 BA
323 342 362 382 392 402 412 423 436 449 457 466 480 494 501 509 516 523 531 538 552 566 580 600 618 639 660 680 700 720 735 750 765 779 794 809 824 839 854 869 884 899 914 929 946 963 980 997 1014 1031 1048 1064 1079 1093 1107 1121 1136 1151 1165 1183 1202 1220 1240 1260 1276 1293 1312 1331 1349 1379 1407 1435
1111100 BA red
1157 1192 1250 1302 1341 1359 1368 1421 23 51 80
0000011 AB
361 380 399 418 442 466 490 514 546 578 610 634 658 682 706 730 754 778 802 826 850 874 898 922 946 970 994 1018 1042 1066 1090 1114 1138 1162 1193 1225 1256 1281 1293 1306 1332 1344 1357 1382 1395 1408 1434 19 45
0000011 BA
323 338 357 376 395 414 436 458 482 494 506 518 530 554 586 618 650 674 698 722 746 770 794 818 842 866 890 914 938 962 986 1010 1034 1058 1082 1106 1130 1154 1178 1202 1233 1264 1290 1315 1340 1366 1391 1416 2
0000011 BA red
1327 1378 1429 28 53 79
