1111100 AB
332 353 370 387 395 403 411 427 441 453 459 466 473 481 489 497 513 521 529 537 545 553 561 569 581 593 605 617 634 651 668 685 701 717 734 750 766 782 799 815 831 847 863 876 889 902 916 923 930 944 958 972 987 1002 1017 1032 1046 1059 1065 1078 1084 1091 1098 1112 1125 1131 1138 1148 1152 1159 1167 1174 1192 1205 1217 1231 1257 1283 1309 1337 1361 1381 1401 1421 1 21 41 61
1111100 AB red
419 434 447 505 1039 1053 1072 1105 1119 1145 1180
1111100 AB darkblue
1186 1209 1244
1111100 AB green
1213 1224 1270 1296 1319 78 96 113
1111100 BA
357 378 395 412 423 434 444 463 477 489 495 502 509 517 525 532 547 555 569 583 600 617 633 649 665 681 698 715 731 747 764 780 797 812 829 837 845 853 861 876 892 907 920 934 948 962 976 990 1004 1018 1026 1034 1049 1056 1064 1078 1088 1091 1097 1110 1116 1123 1130 1145 1156 1162 1168 1182 1189 1197 1222 1235 1248 1261 1275 1288 1310 1334 1349 1364 1386 1406 1426 6 26 46 66 86
1111100 BA red
455 470 483 539 1071 1085 1104 1137 1151 1175 1210
0000011 AB
332 359 387 416 446 476 511 536 546 572 607 642 673 703 733 764 794 824 855 885 915 939 964 989 1006 1024 1049 1084 1109 1140 1171 1202 1232 1263 1293 1323 1353 1383 1410 1437 24
0000011 AB red
1338
0000011 BA
357 384 412 444 475 505 540 575 610 636 671 701 732 762 793 823 853 884 899 914 944 968 993 1018 1053 1078 1108 1138 1169 1200 1231 1261 1275 1288 1318 1348 1378 1408 1435 22 49
