1111100 AB
315 331 346 361 377 393 403 413 423 433 443 462 471 479 495 503 511 524 552 559 580 587 595 610 628 638 664 677 690 703 716 729 742 755 768 781 794 807 820 833 846 859 872 885 892 899 912 925 938 952 965 972 980 993 1006 1019 1032 1046 1060 1073 1086 1099 1113 1123 1133 1143 1153 1163 1179 1188 1196 1212 1220 1229 1245 1261 1277 1293 1301 1309 1325 1341 1357 1373 1389 1405 1421 1438 14 30 46 62 78 94
1111100 AB red
1397 1413
1111100 BA
313 328 344 360 368 375 383 390 406 422 429 435 448 459 469 479 498 507 515 531 539 547 560 588 616 631 646 660 674 687 700 713 726 739 752 765 778 791 804 817 830 843 849 856 869 882 895 908 921 928 936 949 962 976 989 1003 1017 1030 1043 1056 1069 1076 1083 1097 1104 1110 1117 1123 1136 1149 1159 1169 1179 1189 1199 1215 1248 1264 1291 1307 1323 1339 1355 1363 1371 1379 1387 1403 1419 1435 11 28 44 60 282 298
0000011 AB
315 330 360 375 390 420 435 464 492 521 562 579 632 649 663 705 719 733 775 789 803 845 859 873 901 915 929 943 971 985 999 1013 1055 1069 1083 1118 1139 1153 1167 1188 1209 1239 1255 1271 1303 1318 1333 1363 1393 1424 16 47 77
0000011 AB red
5 14
0000011 BA
313 328 343 358 373 388 403 418 435 452 467 496 510 524 553 594 611 629 664 681 695 709 737 751 765 779 807 821 835 849 863 877 891 905 919 933 947 961 975 989 1017 1031 1045 1059 1080 1087 1101 1115 1129 1150 1171 1185 1199 1220 1241 1255 1270 1284 1315 1331 1346 1361 1376 1391 1413 1421 1436 12 44 60 283 298
