1111100 AB
320 340 359 378 390 402 414 426 442 458 474 490 506 523 540 563 586 608 630 653 676 699 722 744 758 773 787 801 816 831 845 864 883 902 920 938 955 973 990 1006 1022 1038 1055 1075 1094 1114 1133 1151 1168 1185 1203 1220 1238 1257 1277 1297 1317 1336 1368 1401 1434 27
1111100 AB red
1142 1212 1307 1345 1356
1111100 BA
368 388 407 429 446 462 478 495 511 527 545 561 577 594 605 625 643 663 685 708 731 754 777 799 813 828 842 856 871 886 900 919 938 959 977 997 1015 1033 1050 1066 1082 1098 1115 1137 1154 1175 1194 1211 1228 1245 1263 1274 1288 1304 1324 1344 1364 1383 1415 8 41 74
0000011 AB
320 345 370 395 421 448 475 503 532 561 590 619 648 678 708 738 768 800 832 864 896 928 961 994 1026 1058 1090 1122 1154 1186 1223 1259 1295 1329 1362 1395 1429 22
0000011 AB red
1241 1277
0000011 BA
367 392 417 442 468 497 527 555 584 613 642 671 700 731 763 794 824 856 888 920 952 984 1017 1050 1082 1114 1146 1178 1210 1242 1276 1306 1342 1376 1409 2 36 69
