1111100 AB
300 318 336 350 364 374 384 394 404 414 425 436 447 458 469 480 490 500 510 526 542 558 574 590 606 622 638 652 666 680 694 708 722 736 750 762 774 786 798 810 823 836 849 862 874 886 898 910 922 935 948 961 974 987 998 1008 1018 1028 1038 1048 1058 1069 1079 1090 1101 1112 1123 1134 1148 1161 1176 1190 1204 1218 1237 1256 1275 1298 1321 1344 1367 1390 1413 1436 20
1111100 AB red
327 343 357 369 379 389 399 419 430 441 452 463 474 485 495 505 518 531 536 550 566 582 598 614 627 645 659 673 687 701 715 727 732 743 756 768 780 792 804 814 829 843 853 858 868 882 892 904 916 928 941 954 967 980 993 1013 1023 1033 1043 1053 1064 1074 1084 1095 1105 1109 1117 1126 1130 1141 1155 1167 1170 1173 1183 1197 1211 1224 1230 1250 1260 1282 1290 1305 1313 1329 1337 1351 1378 1402 1425 8 32
1111100 AB green
1164 1179 1221 1244 1267 1271 1294 1340 1357 43 54 65 78 92 110
1111100 BA
345 364 384 401 418 433 447 459 471 483 495 506 517 528 539 550 560 570 581 595 609 623 637 650 664 678 694 708 722 736 750 764 778 792 806 818 830 842 854 866 879 892 905 918 930 943 956 969 982 995 1008 1021 1034 1047 1058 1068 1078 1088 1098 1108 1118 1129 1139 1150 1161 1172 1183 1194 1208 1222 1236 1250 1264 1278 1292 1306 1321 1343 1366 1389 1412 1435 18 41 65
0000011 AB
314 336 358 381 404 426 448 470 491 512 533 554 571 588 605 622 639 656 677 698 719 740 760 779 797 815 832 849 866 886 907 928 949 970 990 1011 1032 1047 1062 1077 1092 1107 1122 1137 1159 1181 1203 1226 1249 1279 1309 1340 1370 1400 1430 20
0000011 AB red
346 369 393 416 441 464 496 523 543 562 580 597 616 631 648 666 687 708 729 750 769 788 803 809 823 841 854 861 877 896 914 933 938 956 980 1000 1021 1038 1054 1070 1096 1114 1129 1147 1165 1187 1212 1237 1254 1269 1274 1290 1305 1318 1350 1365 1385 1415 5 35 66
0000011 AB green
1170 1259 1300 1324 50 80 95 110 125
0000011 BA
359 381 403 426 449 471 495 520 543 564 585 606 623 640 657 674 691 708 729 750 771 792 812 831 849 867 884 901 918 938 959 980 1001 1022 1042 1063 1084 1099 1114 1129 1144 1159 1174 1189 1211 1233 1255 1276 1296 1324 1354 1385 1415 5 35 65
