1111100 AB
325 350 379 393 411 429 446 463 479 495 512 538 564 590 614 638 667 692 719 740 763 792 816 843 865 887 911 931 954 978 996 1017 1043 1060 1091 1102 1120 1139 1156 1170 1188 1230 1248 1262 1278 1300 1348 1363 1383 1423 7 24
1111100 AB red
1036 1075 1199 1216 1323 1402
1111100 BA
370 395 426 445 466 485 502 519 535 551 568 594 618 642 666 690 719 744 771 792 815 844 868 895 919 943 967 987 1010 1034 1052 1073 1099 1116 1146 1156 1173 1191 1208 1222 1240 1278 1294 1307 1323 1345 1393 1408 1428 28 52 69
1111100 BA red
1092 1131 1251 1267 1368 7
0000011 AB
325 349 375 401 429 456 486 528 567 608 649 691 728 758 788 821 850 880 910 943 972 1002 1025 1063 1107 1132 1185 1214 1264 1289 1327 1365 1389 1413 1437 25
0000011 AB red
1044 1082 1157 1239 1308 1346
0000011 BA
370 394 420 450 480 507 537 579 619 660 701 743 780 810 840 873 902 932 962 995 1024 1054 1077 1115 1159 1184 1237 1265 1309 1334 1372 1410 1434 18 42 70
0000011 BA red
1096 1134 1209 1286 1353 1391
