1111100 AB
356 386 403 420 435 450 465 480 500 520 544 576 602 624 645 695 720 745 785 805 825 845 886 925 945 966 985 1010 1025 1045 1119 1139 1165 1192 1263 1300 1330 1381 1410 0
1111100 AB red
670 765 905 1063 1081 1099 1227 1356 37
1111100 AB green
970 1000 1030
1111100 BA
330 345 360 375 390 406 422 438 455 473 494 515 535 555 575 595 615 651 668 685 705 725 765 785 805 845 865 885 904 945 1005 1026 1048 1072 1096 1120 1186 1208 1258 1320 1350 1380 0
1111100 BA red
632 745 825 965 985 1142 1164 1288 1410
0000011 AB
356 380 405 430 450 470 490 510 530 550 575 600 625 650 670 690 710 730 750 770 790 810 830 850 868 886 904 922 940 960 981 1002 1021 1040 1060 1080 1100 1120 1140 1160 1180 1200 1220 1240 1260 1280 1300 1320 1340 1360 1385 1410 2 37
0000011 BA
332 360 385 410 435 460 485 510 530 550 570 590 610 635 660 680 700 720 740 758 776 794 812 830 848 866 885 905 925 945 965 985 1005 1025 1045 1065 1085 1105 1125 1145 1165 1185 1205 1225 1245 1264 1283 1302 1321 1340 1370 1402 1434
