1111100 AB
300 315 330 345 365 375 385 395 405 415 425 435 441 446 452 458 464 470 476 481 487 492 497 503 508 513 519 525 531 537 546 555 564 573 582 590 599 609 619 628 637 647 656 666 673 683 692 701 710 719 728 737 746 755 764 773 782 791 800 809 818 827 836 845 854 863 872 881 890 901 912 923 935 946 957 968 979 989 999 1010 1021 1032 1043 1053 1062 1071 1077 1083 1088 1093 1098 1103 1108 1113 1118 1124 1131 1139 1147 1154 1161 1168 1175 1183 1192 1201 1211 1220 1229 1238 1247 1256 1264 1272 1280 1288 1295 1302 1310 1318 1326 1334 1342 1349 1356 1364 1372 1380 1389 1397 1410 1425 0 15 30 45 60 75 90 105 120 135 150 165 180 195 210 225 240 255 270 285
1111100 AB red
541 551 560 568 577 595 658 661 687 704 740 759 777 786 813 831 858 903 909 930 951 1026 1067 1165 1172 1187
1111100 BA
304 319 334 349 360 370 380 390 400 410 420 431 441 447 452 458 464 470 476 482 487 493 498 503 509 514 519 525 531 537 543 552 561 570 579 588 596 605 615 625 634 643 653 662 672 679 689 698 707 716 725 734 743 752 761 770 779 788 797 806 815 824 833 842 851 860 869 878 887 896 907 918 929 941 952 963 974 985 995 1005 1016 1027 1038 1049 1059 1068 1077 1083 1089 1094 1099 1104 1109 1114 1119 1124 1130 1137 1144 1152 1159 1166 1173 1180 1188 1197 1206 1216 1225 1234 1243 1252 1261 1269 1277 1285 1293 1300 1307 1315 1323 1331 1339 1347 1354 1361 1369 1377 1385 1394 1402 1415 1430 4 19 34 49 64 79 94 109 124 139 154 169 184 199 214 229 244 259 274 289
0000011 AB
300 315 330 345 373 390 408 426 445 465 480 496 510 525 540 555 570 585 600 615 630 645 660 675 688 700 712 723 735 747 759 771 782 792 802 811 821 831 841 851 861 872 883 893 902 911 921 931 942 952 962 971 981 991 1001 1011 1021 1031 1040 1050 1060 1070 1080 1090 1099 1109 1119 1129 1139 1149 1160 1171 1183 1196 1208 1219 1231 1243 1255 1266 1278 1288 1299 1310 1321 1331 1341 1355 1369 1384 1398 1414 1429 0 15 30 45 60 75 90 105 120 135 150 165 180 195 210 225 240 255 270 285
0000011 AB red
485 504 524 614 659 689 704 794 846 870 880 890 970 980 1022 1064 1072 1189 1202 1249 1267
0000011 BA
304 319 334 349 360 378 395 413 432 451 471 486 502 516 531 546 561 576 591 606 621 636 651 666 681 694 706 718 729 741 753 765 777 788 798 808 817 827 837 847 857 867 878 889 899 908 917 927 937 948 958 968 977 987 997 1007 1017 1027 1037 1046 1056 1066 1076 1086 1096 1105 1115 1125 1135 1145 1155 1166 1177 1189 1202 1214 1225 1237 1249 1261 1271 1283 1293 1304 1315 1326 1336 1346 1360 1374 1389 1403 1419 1434 4 19 34 49 64 79 94 109 124 139 154 169 184 199 214 229 244 259 274 289
