1111100 AB
301 318 334 351 362 373 384 395 406 412 418 420 430 433 441 444 447 453 457 459 465 474 478 481 484 491 494 497 509 512 516 519 523 530 533 537 544 549 552 556 560 568 572 576 583 586 590 593 597 605 612 619 623 628 633 638 648 657 664 671 679 686 693 701 708 716 723 730 738 745 753 760 767 775 782 790 797 804 810 816 822 825 828 834 840 846 852 859 862 866 874 877 881 885 889 897 900 904 912 915 919 923 927 934 937 941 949 952 956 960 964 970 974 976 982 988 990 995 998 1002 1008 1011 1014 1019 1024 1027 1029 1034 1037 1040 1046 1052 1057 1062 1067 1072 1078 1084 1090 1095 1100 1105 1110 1116 1122 1128 1133 1138 1144 1152 1160 1170 1180 1190 1202 1215 1228 1240 1252 1265 1277 1289 1301 1313 1330 1347 1364 1381 1399 1417 1435 12 30 47 285
1111100 AB red
424 436 470 486 502
1111100 BA
301 317 334 350 367 378 389 400 411 422 429 437 439 449 452 460 463 466 472 476 478 484 493 497 500 503 510 513 516 528 531 535 538 542 549 551 555 562 567 570 574 578 586 590 594 601 604 608 611 615 623 630 637 641 646 651 656 666 675 682 689 697 704 711 719 726 734 741 748 756 763 771 778 785 793 800 808 815 822 828 834 840 843 846 852 858 864 870 877 880 884 892 895 899 903 907 915 918 922 930 933 937 941 945 952 955 959 967 969 973 977 981 987 991 993 999 1005 1007 1012 1015 1019 1025 1028 1031 1036 1041 1044 1046 1051 1054 1057 1063 1069 1074 1079 1084 1089 1095 1101 1107 1112 1117 1122 1127 1133 1139 1145 1150 1155 1161 1169 1177 1187 1197 1207 1219 1232 1245 1257 1269 1281 1293 1305 1317 1329 1346 1363 1380 1397 1415 1433 11 28 46 63
0000011 AB
301 317 333 349 365 381 397 413 429 439 450 461 471 482 493 503 514 525 535 544 553 562 571 580 589 598 607 616 625 634 643 651 659 667 675 684 693 702 711 720 729 738 747 756 765 774 783 792 801 810 819 828 837 843 849 855 861 867 873 879 887 895 903 910 918 925 932 940 947 954 961 968 976 985 994 1003 1012 1021 1030 1039 1048 1057 1064 1071 1078 1085 1091 1097 1103 1109 1115 1122 1129 1136 1143 1151 1159 1167 1179 1191 1203 1215 1227 1239 1251 1262 1278 1296 1312 1330 1346 1364 1381 1399 1416 1435 12 30 47 285
0000011 BA
301 317 333 349 365 381 397 413 429 445 455 466 477 487 498 509 519 530 541 552 561 570 579 588 597 606 615 624 633 642 651 660 668 676 684 692 701 710 719 728 737 746 755 764 773 782 791 800 809 818 827 836 845 854 860 866 872 878 884 890 896 904 912 920 927 935 942 949 957 964 971 978 985 993 1002 1011 1020 1029 1038 1047 1056 1065 1074 1081 1088 1095 1102 1108 1114 1120 1126 1132 1139 1146 1153 1160 1168 1176 1184 1196 1208 1220 1232 1244 1256 1268 1278 1294 1312 1328 1346 1362 1380 1397 1415 1432 11 28 46 63
