1111100 AB
307 329 349 371 392 405 415 426 438 450 463 487 511 536 560 583 607 631 655 679 703 727 751 775 799 823 847 871 895 919 943 967 991 1015 1039 1063 1088 1113 1136 1159 1184 1209 1233 1258 1280 1302 1324 1346 1371 1394 1419 3 26 50 287
1111100 AB red
339 356 363 378 385 398 410 420 422 432 444 447 454 458 469 471 474 479 483 493 495 498 501 504 507 517 519 523 528 532 542 544 548 554 567 570 575 591 599 615 623 639 647 663 671 687 695 711 719 735 743 757 763 769 781 787 793 800 805 811 817 824 829 835 841 848 853 859 866 872 877 883 890 896 901 907 914 920 925 931 938 944 949 955 962 969 973 980 988 995 999 1006 1014 1021 1023 1027 1033 1046 1051 1057 1070 1077 1083 1095 1102 1108 1120 1127 1146 1171 1196 1221 1246 1270
1111100 BA
307 327 349 369 391 412 425 436 448 460 472 485 509 533 556 580 603 627 651 675 699 723 747 771 795 819 843 867 891 915 939 963 987 1011 1035 1059 1083 1108 1133 1156 1179 1204 1229 1253 1276 1298 1320 1342 1364 1389 1412 1437 21 44 70
0000011 AB
308 329 351 372 393 414 435 455 475 496 517 538 560 581 603 625 647 670 693 715 738 760 782 804 826 849 871 894 917 939 961 983 1006 1028 1050 1073 1095 1119 1139 1161 1184 1208 1232 1253 1275 1294 1315 1336 1358 1380 1405 1427 8 28 48 287
0000011 AB red
465 486 507 528 550 591 615 658 682 703 727 751 768 776 793 810 818 834 842 859 877 885 903 927 951 971 996 1020 1036 1044 1062 1081 1088 1105 1113 1129
0000011 BA
305 326 347 369 390 411 432 453 473 493 514 535 558 580 601 623 645 667 690 713 735 758 780 802 824 846 869 891 914 937 959 981 1003 1026 1048 1070 1093 1115 1139 1159 1181 1204 1228 1252 1272 1293 1312 1333 1354 1376 1398 1423 5 26 46 66
