1111100 AB
301 318 335 351 368 375 381 388 395 401 407 413 419 426 433 439 445 451 457 463 470 476 483 490 497 503 509 515 522 529 537 545 553 561 569 577 588 600 611 623 635 646 658 670 681 692 703 715 727 738 750 761 772 784 795 807 818 830 841 852 860 868 876 884 893 901 910 918 925 932 939 946 953 960 968 976 983 991 999 1006 1013 1020 1029 1038 1047 1056 1065 1074 1084 1093 1102 1111 1120 1129 1142 1158 1174 1191 1208 1225 1241 1258 1275 1292 1309 1326 1343 1360 1385 1410 1435
1111100 BA
308 324 341 358 374 391 398 404 411 418 426 433 440 448 455 462 468 474 480 486 492 499 505 512 519 526 532 538 544 551 557 564 571 579 587 595 603 614 626 637 649 661 672 684 696 707 718 729 741 753 764 776 787 798 810 821 833 844 856 867 878 886 894 902 910 919 927 936 944 951 958 965 972 981 991 999 1007 1014 1022 1030 1037 1044 1051 1060 1069 1078 1086 1095 1104 1114 1123 1132 1141 1150 1159 1172 1188 1204 1221 1238 1255 1269 1282 1298 1315 1332 1349 1366 1383 1408 1433 18
0000011 AB
309 333 357 381 405 429 453 477 501 284
0000011 BA
307 331 355 379 403 427 451 475 502
0000011 BA red
527 554 581 606 621 636 660 676 691 706 730 743 758 783 796 810 835 848 859 870 886 900 912 925 937 952 964 979 995 1016 1032 1053 1069 1085 1105 1122 1139 1156 1175 1192 1208 1226 1244 1260 1279 1298 1316 1340 1364 1388 1412 1435 19
