1111100 AB
319 339 359 369 379 389 399 409 416 423 430 436 444 449 454 460 466 472 477 483 488 494 500 506 511 515 519 524 529 535 541 547 553 564 575 585 595 601 606 611 616 621 630 640 650 659 669 678 687 696 706 716 725 735 745 753 762 769 774 779 784 791 796 801 805 813 821 830 835 840 846 852 859 866 874 886 891 895 899 904 911 918 924 932 937 943 949 955 962 969 981 989 996 1002 1008 1016 1024 1031 1038 1046 1054 1062 1069 1080 1091 1096 1101 1111 1120 1132 1139 1146 1159 1172 1184 1199 1208 1219 1230 1236 1248 1260 1275 1290 1304 1319 1333 1347 1362 1376 1395 1415 1435 20
1111100 BA
339 358 378 388 398 408 418 429 441 446 452 456 460 464 468 475 481 485 489 494 499 505 511 517 522 528 533 545 550 555 562 572 584 596 607 618 627 635 644 654 664 673 683 693 702 712 721 726 730 739 749 752 759 768 778 783 788 794 800 805 812 822 834 839 844 848 852 856 864 871 878 883 889 895 902 909 916 929 938 943 947 954 961 968 972 976 982 988 995 1001 1008 1015 1027 1035 1042 1047 1054 1062 1069 1077 1084 1092 1100 1106 1119 1125 1130 1136 1146 1156 1165 1177 1191 1204 1217 1229 1241 1253 1264 1278 1289 1299 1314 1329 1343 1358 1372 1386 1415 1436
0000010 AB
319 340 361 383 405 426 447 469 491 503 516 529 542 556 570 584 598 611 624 637 650 661 673 684 696 708 720 732 744 756 768 779 790 800 811 821 831 842 853 863 874 885 895 905 917 929 941 953 966 979 990 1001 1012 1024 1036 1047 1059 1071 1083 1095 1107 1119 1131 1145 1161 1176 1193 1209 1225 1237 1253 1269 1285 1305 1325 1346 1369 1391 1413 1436 20
0000010 BA
358 379 400 422 444 454 465 476 487 499 511 523 535 547 560 573 586 600 607 614 628 642 655 668 681 694 705 717 728 740 752 764 776 788 800 812 823 834 844 855 865 875 886 897 907 918 929 939 949 961 973 985 997 1010 1023 1034 1045 1056 1068 1080 1091 1103 1115 1127 1139 1151 1163 1175 1189 1205 1220 1237 1253 1268 1279 1293 1308 1324 1344 1364 1385 1408 1436
0000001 AB
319 340 361 383 405 426 447 469 491 503 515 527 539 551 568 585 601 617 633 649 665 681 697 713 729 745 761 776 791 803 815 827 839 851 863 875 887 899 911 928 946 964 981 997 1013 1029 1045 1060 1071 1083 1095 1106 1118 1134 1151 1168 1190 1211 1233 1256 1279 1302 1324 1346 1368 1391 1413 1436 20
0000001 BA
358 379 400 422 444 465 487 499 511 523 535 547 559 571 583 595 612 629 645 661 677 693 709 725 741 757 773 789 805 820 835 847 859 871 883 895 907 919 931 943 955 972 990 1008 1025 1041 1057 1073 1089 1104 1115 1127 1139 1150 1162 1178 1195 1212 1234 1255 1275 1296 1318 1341 1363 1385 1407 1436
