1111100 AB red
303 338 366 396 426 991 1023 1047 1063 1164 1173 1176 1185 1217 1228 1240 1250 1254 1292 1304 1328 1411 1439 12 18 38 61 69 77 128 158 247
1111100 AB
483 491 499 507 515 523 531 539 549 559 569 579 589 599 609 619 629 639 649 659 669 679 689 699 709 719 729 739 749 759 769 779 789 799 809 819 829 839 849 859 869 879 889 899 909 919 929 939 949 959 969 979 987 995 1003 1011 1019 1027 1035 1043 1051 1059 1067 1075 1083 1091 1099 1107 1115 1123 1131 1139 1149 1159 1169 1179 1190 1201 1212 1223 1234 1246 1259 1272 1285 1298 1310 1322 1334 1346 1358 1370 1383 1399 1415 1431 7 23 53 83 113 143 173 203 233 263 293
1111100 AB green
1331 1340 1352 1364 1376 1391 1405 1423 1435 30 43 48 65 73 93 103
1111100 BA
300 330 360 426 434 442 450 458 466 474 482 490 498 506 514 522 530 538 546 554 563 571 579 587 595 603 611 619 627 635 643 653 663 673 683 693 703 713 723 733 743 753 763 773 783 793 803 813 823 833 843 853 863 873 883 893 903 913 923 933 943 953 963 973 983 993 1003 1013 1023 1033 1042 1051 1061 1069 1077 1085 1093 1101 1109 1117 1125 1133 1141 1149 1157 1165 1173 1181 1189 1197 1205 1213 1221 1231 1241 1251 1261 1272 1283 1293 1303 1313 1323 1333 1344 1355 1367 1379 1391 1403 1415 1427 1439 12 27 42 58 79 90 120 150 180 210 240 270
1111100 BA red
1397 1409 1421 1433 5 19 34 50 68 98 105 112 130 140 160 170
0000011 AB red
302 332 362 392 427 1137 1148 1193 1229 1311 1331 1384 1397 1405 1419 1433 14 39 63 73 98 128 278
0000011 AB
481 493 505 517 529 541 553 565 577 589 601 613 625 637 647 657 667 677 687 697 709 721 733 745 757 769 781 793 805 817 829 841 853 865 877 889 901 913 925 937 949 961 973 983 993 1003 1013 1023 1033 1043 1053 1063 1073 1083 1093 1103 1113 1123 1133 1143 1153 1163 1175 1187 1199 1211 1223 1235 1247 1259 1271 1283 1295 1307 1319 1331 1345 1359 1373 1380 1394 1401 1415 1429 3 10 23 53 83 113 143 173 203 233 263 293
0000011 AB green
1338 1352 1366 1387 1408 1422 1436 17 28 35 46 68
0000011 BA
300 330 360 430 445 460 475 490 505 517 529 541 553 565 577 589 601 613 625 637 649 661 673 697 709 721 733 745 757 769 781 793 805 817 829 841 853 865 877 889 901 913 925 937 949 961 985 997 1009 1021 1033 1045 1055 1065 1075 1085 1095 1105 1115 1125 1135 1145 1155 1165 1175 1185 1195 1205 1225 1235 1245 1255 1265 1275 1285 1295 1305 1315 1325 1335 1347 1359 1371 1383 1395 1409 1423 1437 4 18 25 39 53 67 74 90 120 150 180 210 240 270
0000011 BA red
1402 1416 1430 11 32 46 60 81 96 104 112 135
