1111100 AB
310 330 350 370 380 390 400 410 420 428 436 444 452 460 468 476 484 492 500 508 516 524 532 541 551 561 571 581 591 601 611 621 631 641 651 661 671 681 691 701 711 721 731 741 751 761 771 781 791 801 811 821 831 841 851 861 871 881 891 901 911 921 931 941 951 960 969 978 987 996 1004 1012 1020 1029 1038 1047 1056 1065 1074 1083 1092 1101 1110 1119 1127 1135 1144 1152 1161 1170 1179 1188 1197 1206 1210 1219 1229 1239 1249 1259 1269 1279 1290 1300 1310 1320 1335 1350 1365 1380 1400 1420 290
1111100 AB red
1174 1192 1215 1234 1264 1274 1283 1286 1328 1370 1375 1390 1410 1431 2 13 24 35 46 58 70
1111100 BA
335 355 375 395 415 430 445 460 475 484 493 501 509 517 525 533 541 549 559 569 579 589 599 609 619 629 639 649 659 669 679 689 699 709 719 729 739 749 759 769 779 789 799 809 819 829 839 849 859 869 879 889 899 909 919 929 939 949 959 969 979 989 999 1009 1019 1029 1038 1047 1056 1065 1074 1083 1092 1101 1109 1117 1125 1133 1141 1149 1157 1165 1173 1181 1189 1197 1205 1213 1221 1229 1237 1246 1255 1264 1273 1281 1289 1298 1306 1314 1323 1332 1340 1349 1358 1367 1376 1391 1406 1421 1436 11 26
0000011 AB
330 350 385 415 430 445 470 480 490 510 520 530 540 550 560 570 580 590 610 620 630 640 660 670 680 690 700 705 710 730 740 750 760 770 790 800 810 820 830 840 850 870 880 890 900 910 930 940 950 960 970 980 990 1010 1020 1030 1040 1050 1070 1080 1090 1100 1110 1120 1130 1140 1155 1185 1200 1215 1230 1260 1275 1290 1305 1340 1380 1400 1420 290
0000011 AB red
1208 1223 1238 1268 1283 1298 1313 1334 1390 0 40 60 80
0000011 BA
335 355 375 395 415 435 450 465 480 495 510 525 540 550 560 570 580 590 600 610 620 630 640 650 660 670 680 690 700 710 720 730 740 750 760 770 780 790 800 810 820 830 840 850 860 870 880 890 900 910 920 930 940 950 960 970 980 990 1000 1010 1020 1030 1040 1050 1060 1070 1080 1090 1100 1110 1120 1130 1140 1150 1160 1170 1180 1190 1200 1210 1220 1230 1245 1260 1275 1290 1305 1320 1335 1350 1365 1380 1395 1410 1430 10 30
