1111100 AB
310 320 330 340 350 360 371 381 391 400 408 416 425 434 442 451 459 467 474 481 488 495 502 509 516 526 536 546 556 566 576 586 596 606 616 626 636 646 655 664 673 682 691 700 709 718 727 736 746 755 765 775 785 794 803 812 821 830 839 848 857 866 875 884 893 903 913 923 933 943 953 960 966 979 985 992 998 1011 1018 1031 1036 1042 1048 1054 1060 1066 1072 1083 1089 1095 1107 1113 1119 1125 1131 1144 1151 1165 1171 1177 1183 1189 1195 1215 1226 1238 1261 1281 1289 1297 1314 1324 1342 1352 1372 1382 1392 1403 1414
1111100 AB red
972 1005 1025 1078 1101 1137 1158 1201 1207 1251 1271 1305 1333 1362
1111100 AB green
1211 1220 1232 1243 1247 1256 1266 1276 1301 1425 1437 9 21 33 45 58 70
1111100 BA
350 360 370 380 390 400 411 422 433 444 457 467 477 487 497 507 516 525 533 540 547 554 562 570 577 586 596 606 616 625 634 643 652 662 672 681 691 700 709 718 727 736 745 754 763 772 781 790 800 809 819 829 839 849 858 867 876 885 894 903 912 921 930 939 948 958 968 978 988 997 1007 1014 1020 1032 1038 1045 1052 1065 1072 1085 1090 1096 1102 1108 1114 1120 1125 1136 1141 1147 1158 1164 1170 1176 1181 1194 1201 1215 1221 1227 1233 1240 1247 1274 1283 1293 1312 1330 1338 1347 1366 1376 1394 1403 1422 1431 1 11 21
1111100 BA red
1026 1059 1079 1131 1153 1187 1208 1255 1265 1302 1322 1357 1385 1413
0000011 AB
310 322 334 346 357 368 379 390 401 412 424 436 448 460 472 484 496 508 520 534 562 576 590 604 618 632 645 658 669 680 691 702 713 724 747 759 770 781 792 803 814 826 838 862 873 884 895 906 917 928 939 950 960 970 991 1002 1013 1024 1035 1047 1059 1093 1120 1138 1157 1167 1177 1197 1207 1217 1227 1289 1299 1308 1322 1331 1340 1359 1390 1401 1412
0000011 AB red
980 1084 1102 1111 1129 1147 1239 1249 1259 1269 1279 1349 1369 1379
0000011 AB green
1077 1233 1313 1425 1438 11 24 37 50 62
0000011 BA
350 362 374 386 397 408 419 430 442 453 465 477 491 505 518 531 543 556 570 584 612 626 640 654 668 682 695 708 719 730 741 752 763 775 798 810 821 832 843 854 865 877 889 913 924 935 946 957 968 979 990 1001 1011 1021 1042 1053 1064 1075 1086 1098 1110 1144 1171 1189 1208 1218 1228 1248 1258 1268 1278 1336 1346 1356 1366 1376 1386 1406 1437 8 19
0000011 BA red
1031 1135 1153 1162 1180 1198 1289 1298 1307 1316 1326 1396 1416 1426
