1111100 AB
306 315 324 333 342 351 359 366 373 380 387 394 400 406 412 418 425 432 439 445 452 459 466 473 481 489 497 505 513 521 529 541 553 566 579 591 603 615 627 639 648 657 667 677 686 695 705 715 725 734 743 753 763 773 783 793 804 815 826 837 847 857 868 879 890 901 912 923 933 943 954 965 976 987 998 1009 1019 1029 1039 1047 1055 1063 1071 1079 1088 1097 1106 1115 1124 1133 1142 1154 1166 1178 1190 1202 1214 1226 1238 1250 1262 1273 1284 1295 1306 1323 1340 1357 1375 1392 1409 297
1111100 AB red
1160 1173 1184 1220 1256 1314 1349 1365 1427 5 22 39
1111100 BA red
301 314 321 328 341 355 379 400 424 272 288 295
0000011 AB
319 342 365 379 393 407 421 436 449 462 475 488 501 513 526 539 552 565 578 591 603 616 629 642 655 668 681 693 706 719 732 745 758 767 776 785 794 803 812 823 835 846 857 868 879 890 901 912 923 934 945 956 968 981 994 1007 1020 1033 1044 1055 1066 1077 1087 1098 1111 1124 1137 1150 1164 1177 1190 1203 1216 1230 1243 1258 1271 1284 1297 1311 1325 1339 1353 1367 1381 1396 1411 297
0000011 AB red
1250 1278 1332 1425 1439 13 27 41
0000011 BA red
300 324 361 388 429 532 558 275
