1111100 AB
360 370 382 393 404 414 425 436 448 458 468 478 488 497 505 513 522 530 539 548 557 569 581 594 607 619 631 644 657 670 682 695 708 721 730 739 748 757 765 773 781 790 799 808 816 825 833 841 850 859 868 877 886 895 907 919 931 943 955 967 979 989 998 1007 1017 1027 1037 1047 1056 1065 1074 1083 1087 1092 1101 1110 1119 1129 1143 1149 1156 1170 1177 1183 1196 1203 1210 1217 1226 1235 1244 1251 1258 1267 1276 1294 1303 1312 1330 1346 1362 1378 1394 1410 1426 1435 3 18 33 48 64 80 96
1111100 BA
345 356 366 376 386 395 405 415 422 428 434 441 447 454 460 466 472 477 483 488 494 500 510 520 530 540 550 558 567 576 584 593 602 611 623 635 648 661 673 685 698 711 724 736 749 762 775 784 793 802 811 819 827 835 844 853 862 870 879 887 895 904 913 922 931 940 949 961 973 985 997 1009 1021 1033 1043 1052 1061 1071 1081 1091 1101 1110 1119 1128 1137 1146 1154 1163 1172 1181 1194 1207 1221 1234 1247 1261 1275 1289 1303 1321 1339 1357 1375 1391 1407 1423 1439 15 31 48
1111100 BA red
1141 1200 1228 1254 1267 1282 1296 1312 1348 40 63 78 93 109 125 141
0000010 AB
360 371 382 393 403 414 425 436 458 470 483 496 509 537 563 576 589 603 617 631 646 675 690 704 717 731 745 771 783 795 807 819 831 844 857 870 895 908 921 933 946 958 971 996 1009 1022 1034 1046 1058 1070 1090 1100 1110 1130 1141 1155 1170 1193 1201 1218 1238 1257 1274 1291 1308 1325 1338 1351 1364 1377 1390 1403 1416 1430 4 17 30 42 55 67 80 93
0000010 BA
345 355 365 375 384 404 415 426 439 451 464 475 486 508 520 533 546 559 587 613 626 639 653 667 681 696 725 740 754 767 781 795 821 833 845 857 869 881 894 907 920 945 958 971 983 996 1008 1021 1046 1059 1072 1084 1096 1108 1120 1140 1150 1160 1180 1191 1205 1220 1251 1268 1285 1301 1318 1335 1352 1369 1382 1395 1408 1421 1434 7 20 34 48
0000010 BA red
1243 61 74 86 99 111 124 137
0000001 AB
360 372 384 396 407 419 431 457 471 485 499 514 560 575 590 606 622 637 653 686 702 719 735 752 782 794 806 819 832 845 858 884 896 909 922 935 948 961 987 1000 1013 1026 1038 1051 1064 1092 1106 1121 1136 1166 1196 1211 1226 1242 1260 1276 1292 1305 1318 1331 1343 1356 1369 1382 1394 1406 1419 1432 5 18 30 42 54 67 80 93
0000001 BA
345 357 368 379 404 416 429 442 455 469 481 507 521 535 549 564 610 625 640 656 672 687 703 736 752 769 785 802 832 844 856 869 882 895 908 934 946 959 972 985 998 1011 1037 1050 1063 1076 1088 1101 1114 1142 1156 1171 1186 1216 1246 1261 1275 1289 1304 1320 1336 1349 1362 1375 1387 1400 1413 1426 1438 10 23 36 49
0000001 BA red
62 74 86 98 111 124 137
