1111100 AB
316 332 348 363 378 388 398 408 418 428 438 448 458 468 477 487 496 506 516 526 536 546 556 566 576 586 596 606 616 626 636 646 656 666 676 687 698 709 720 731 742 754 765 777 788 800 812 824 836 848 860 871 882 893 904 915 925 935 945 955 965 975 985 995 1005 1015 1025 1035 1045 1054 1064 1073 1082 1091 1101 1110 1120 1135 1145 1160 1176 1190 1206 1224 1240 1257 1273 1289 1305 1320 1335 1350 1366 1382 1398 1414 1430 5 20
1111100 AB red
1127 1168 1183 1215 1249 1265 1312 1390 12 36 52 67 82 98 113 128
1111100 BA
316 334 349 363 378 392 402 410 418 426 434 442 450 458 467 475 484 494 504 514 523 534 543 553 562 572 582 592 602 612 622 631 641 650 660 670 680 690 700 710 720 730 740 751 762 773 784 795 806 818 829 841 852 864 876 888 900 912 924 935 946 957 968 979 989 999 1009 1019 1030 1040 1050 1061 1072 1083 1093 1104 1114 1124 1133 1142 1151 1160 1169 1178 1187 1197 1207 1222 1238 1253 1268 1283 1299 1315 1331 1346 1362 1377 1392 1407 1422 1438 13 28 44 59 74
0000011 AB
316 331 346 358 370 381 392 402 412 422 432 442 452 462 472 482 492 502 513 524 535 546 557 568 579 590 601 612 623 634 645 656 667 678 689 700 711 722 733 744 756 767 778 789 801 813 824 835 846 857 868 878 888 898 908 918 928 938 948 958 969 980 991 1002 1012 1022 1032 1042 1052 1062 1072 1082 1092 1102 1117 1132 1148 1164 1180 1196 1212 1228 1244 1260 1276 1292 1308 1324 1339 1354 1369 1385 1400 1415 1430 5 20
0000011 AB red
1140 1156 1220 1331 1346 1361 37 51 66 81 96 111 126
0000011 BA
316 333 350 367 383 398 410 422 434 445 456 467 478 488 498 508 518 528 538 549 560 571 582 593 604 615 626 637 649 661 672 683 694 705 716 727 738 749 760 771 782 793 804 816 827 838 849 861 873 884 895 906 917 928 938 948 958 968 978 988 998 1008 1018 1029 1040 1051 1062 1072 1082 1092 1102 1112 1122 1132 1142 1152 1162 1177 1192 1208 1224 1239 1255 1271 1287 1302 1317 1332 1347 1362 1377 1392 1407 1422 1437 12 27 42 57 72
