1111100 AB
349 365 381 393 405 417 429 441 453 465 477 489 501 519 541 563 587 610 633 655 676 697 719 740 761 782 803 824 846 867 889 912 935 957 980 1003 1018 1033 1048 1065 1081 1097 1113 1130 1144 1160 1174 1188 1202 1216 1234 1270 1306 1343 1380
1111100 AB red
510 530 575 598 648 669 712 792 809 857 878 946 969 1013 1057 1122
1111100 BA
360 383 399 415 429 444 459 472 484 497 516 530 542 554 572 594 615 634 656 679 701 722 743 765 786 807 828 849 870 892 914 937 960 983 1005 1028 1051 1066 1081 1096 1113 1129 1144 1158 1173 1187 1203 1217 1231 1245 1259 1274 1304 1340 1377 1414
0000011 AB
349 374 399 427 455 484 513 542 572 601 630 659 689 718 747 772 796 820 845 870 894 925 955 986 1017 1048 1072 1096 1120 1144 1170 1194 1218 1249 1270 1306 1343 1380
0000011 AB red
527 557 653 683 732 907 970 1082 1157 1206
0000011 BA
360 380 405 433 464 492 521 550 579 609 638 667 696 727 758 787 812 836 860 885 910 934 965 995 1026 1057 1088 1112 1136 1160 1184 1210 1234 1258 1282 1301 1337 1374 1411
