1111100 AB
304 319 334 349 364 379 394 409 424 439 451 463 475 487 499 511 523 535 547 559 571 583 595 607 619 631 643 655 667 679 691 703 715 727 739 751 763 775 787 799 811 823 835 847 859 871 883 895 907 919 931 943 955 967 979 991 1003 1015 1027 1039 1051 1063 1075 1087 1099 1111 1123 1135 1147 1159 1171 1183 1195 1207 1219 1231 1243 1255 1270 1285 1300 1320 1340 1360 1380 1400 1420 0 289
1111100 AB red
481 505 529 551 555 589 625 649 685 721 733 757 781 853 889 949 961 973 997 1057 1069 1081 1117 1129 1141 1153 1237
1111100 BA
324 339 354 369 384 399 414 432 452 470 487 500 516 530 542 554 566 578 590 602 611 622 632 643 655 667 679 691 703 715 727 739 751 763 775 787 799 811 823 835 847 859 871 883 895 906 920 932 944 956 968 980 992 1004 1016 1028 1040 1052 1064 1076 1088 1100 1112 1124 1136 1148 1157 1167 1179 1191 1203 1215 1227 1239 1251 1262 1273 1281 1291 1305 1320 1335 1355 1375 1395 1415 1435 15 35
0000011 AB
305 321 337 353 369 385 401 417 433 449 465 481 497 513 529 545 561 577 593 609 625 641 657 673 689 705 721 736 751 766 781 796 811 826 841 856 874 892 910 928 946 964 982 1000 1018 1036 1054 1072 1090 1108 1126 1144 1162 1180 1198 1216 1234 1252 1272 1292 1312 1337 1362 1387 1412 1437 289
0000011 AB red
457 489 535 583 601 649 713 883 919 1045 1063 1117 1153 1189 1374
0000011 BA
322 338 354 370 386 402 418 436 454 470 486 502 518 534 550 566 582 598 614 630 646 662 678 694 710 726 742 760 775 790 805 820 835 850 865 880 895 913 931 949 967 985 1003 1021 1039 1057 1075 1093 1111 1129 1147 1165 1183 1201 1219 1237 1255 1272 1286 1305 1325 1345 1370 1395 1420 5 30
