1111100 AB
341 354 367 379 387 395 403 411 419 427 435 443 451 460 469 483 498 513 528 543 558 573 588 603 617 631 645 659 673 687 701 716 731 745 760 774 788 803 818 833 847 861 876 891 902 913 923 934 944 955 966 976 986 996 1007 1018 1029 1040 1050 1059 1068 1078 1088 1097 1106 1115 1124 1132 1140 1154 1168 1182 1197 1214 1231 1248 1265 1282 1299 1316 1332 1348 1365 1382 1399 1417 1434 11 28
1111100 AB red
1023 1222 1356
1111100 BA
360 375 390 404 417 425 433 441 450 460 474 486 498 510 519 527 535 543 552 561 575 587 599 611 624 639 654 669 684 698 712 726 740 754 768 782 797 812 826 841 855 869 884 899 914 928 942 955 970 980 991 1001 1012 1022 1033 1044 1054 1064 1074 1085 1096 1107 1118 1128 1137 1146 1156 1166 1175 1183 1191 1198 1206 1213 1227 1241 1255 1268 1280 1295 1311 1325 1342 1359 1376 1392 1408 1425 2 19
1111100 BA red
1101 1287 1416
0000011 AB
341 361 381 401 421 439 457 475 494 512 530 548 566 584 601 619 636 653 670 687 705 723 741 759 777 795 812 829 844 859 874 889 904 919 934 949 964 980 995 1010 1025 1040 1055 1068 1081 1093 1106 1119 1131 1144 1157 1170 1188 1205 1223 1241 1254 1268 1281 1294 1307 1321 1338 1356 1373 1390 1407 1424 1 18
0000011 AB red
1032 1214 1347
0000011 BA
360 380 400 420 440 460 470 480 491 502 512 523 542 552 562 580 598 616 634 652 669 687 704 721 738 755 773 792 811 830 850 868 885 902 917 932 947 962 977 992 1007 1022 1037 1053 1068 1083 1098 1113 1128 1141 1154 1166 1179 1192 1204 1217 1230 1243 1261 1274 1288 1303 1314 1326 1339 1352 1365 1379 1396 1414 1431 8
0000011 BA red
1105 1280 1405
