1111100 AB
360 375 390 405 420 430 440 450 460 470 480 490 500 510 524 538 553 568 583 598 613 628 642 656 670 684 698 712 726 740 754 768 782 796 810 824 838 852 866 880 894 908 922 936 950 964 978 992 1006 1020 1034 1048 1058 1068 1078 1088 1098 1108 1118 1133 1148 1163 1178 1193 1208 1223 1243 1263 1283 1308 1333
1111100 AB red
605 1140 1170 1215 1253 1273 1293 1353 1373 1393
1111100 BA
387 402 417 434 454 464 474 484 494 504 514 524 534 544 558 572 587 602 617 632 647 662 676 690 704 718 732 746 760 774 788 802 816 830 844 858 872 886 900 914 928 942 956 970 984 998 1012 1026 1040 1054 1068 1082 1092 1102 1112 1122 1132 1142 1152 1167 1182 1197 1212 1227 1242 1257 1274 1290 1310 1335 1360
0000011 AB
360 380 400 420 432 444 456 468 480 492 504 516 528 540 555 570 585 600 615 630 645 660 675 690 705 720 735 750 765 780 795 810 825 840 855 870 885 900 915 930 945 960 975 990 1006 1022 1034 1046 1058 1070 1082 1097 1112 1126 1141 1156 1171 1191 1210 1231 1256 1276 1296 1317
0000011 AB red
1181 1220 1246 1286 1338 1359 1380
0000011 BA
387 407 428 454 466 478 490 502 514 526 538 550 562 574 589 604 619 634 649 664 679 694 709 724 739 754 769 784 799 814 829 844 859 874 889 904 919 934 949 964 979 994 1009 1024 1040 1056 1068 1080 1092 1104 1116 1131 1146 1160 1175 1190 1205 1225 1244 1264 1284 1303 1323 1344
