1111100 AB
308 328 348 368 382 393 402 412 422 433 444 455 466 477 488 500 512 523 541 559 577 595 613 631 646 661 676 691 706 721 736 751 767 783 798 813 826 838 850 863 876 889 902 915 928 940 953 966 979 992 1005 1017 1029 1041 1053 1064 1076 1087 1098 1109 1121 1132 1144 1155 1167 1178 1193 1207 1221 1240 1260 1280 1300 1318 1336 1355 1374 1392 1410 1429 8 26 44
1111100 AB red
432
1111100 BA
343 363 383 403 417 430 441 453 465 476 487 498 509 520 531 543 555 566 584 602 620 638 656 674 689 704 719 734 749 764 779 794 810 826 841 856 869 881 893 906 919 932 945 958 971 983 996 1009 1022 1035 1048 1060 1072 1084 1096 1107 1119 1130 1141 1152 1164 1175 1186 1197 1209 1220 1234 1247 1261 1277 1295 1315 1335 1353 1371 1390 1409 1427 5 24 43 61 79
1111100 BA red
353 373 393 410 423 435 445 449 457 461 469 472 479 483 490 494 501 505 513 517 524 528 535 539 547 551 558 562 572 578 590 596 608 614 627 633 644 650 662 668 679 684 696 711 724 729 739 744 756 769 774 784 789 800 805 816 821 831 836 846 851 860 864 873 877 885 889 899 912 923 927 938 949 954 964 977 987 991 1003 1015 1028 1039 1043 1054 1066 1076 1080 1088 1092 1100 1104 1111 1115 1123 1127 1133 1137 1144 1148 1156 1160 1167 1171 1178 1182 1190 1193 1203 1215 1224 1229 1240 1251 1256 1265 1269 1273 1281 1286 1290 1299 1304 1309 1325
0000011 AB
309 327 345 363 381 399 413 427 442 457 472 487 502 517 532 547 562 577 592 607 622 637 652 667 682 697 712 727 742 757 772 783 794 806 817 829 841 853 864 876 887 899 914 930 945 961 977 992 1007 1022 1037 1051 1064 1077 1090 1104 1118 1132 1146 1161 1180 1199 1218 1237 1257 1276 1296 1316 1336 1354 1372 1390 1408 1426 4 22 40
0000011 BA
343 361 379 397 415 436 452 467 482 497 512 527 542 557 572 587 602 617 632 647 662 677 692 707 722 737 752 767 782 797 812 823 834 846 857 869 881 893 904 916 927 939 954 970 985 1001 1017 1032 1047 1062 1077 1091 1104 1117 1130 1144 1158 1172 1186 1201 1220 1239 1258 1274 1291 1310 1330 1350 1370 1388 1406 1424 2 20 38 56 74
