1111100 AB
350 359 368 377 386 395 401 407 413 419 425 431 437 443 449 455 461 466 471 477 483 488 493 498 503 508 514 522 530 539 548 557 566 575 584 593 602 611 620 629 638 647 656 664 672 680 688 695 702 709 716 723 730 737 745 753 761 768 775 782 789 796 803 810 818 826 834 842 850 858 866 874 883 893 903 913 923 933 943 953 964 974 984 992 1000 1007 1013 1019 1025 1031 1037 1043 1049 1055 1061 1067 1073 1079 1085 1091 1097 1103 1109 1115 1121 1127 1134 1141 1147 1153 1165 1177 1189 1200 1213 1227 1244 1261 1277 1293 1309 1324 1339 1355 1371 1387 1403 1419
1111100 AB red
1159 1171 1183 1205 1209 1217 1222 1232 1238 1250 1256 1269 1301 1395 1433 7 21 35 48 61
1111100 BA
350 359 368 378 388 395 400 404 408 413 418 422 427 432 437 441 448 456 464 473 479 485 491 497 503 509 515 520 525 531 537 542 547 553 558 563 568 576 584 592 601 610 619 628 637 646 655 664 673 682 691 700 709 717 725 733 741 748 755 762 769 776 783 790 798 806 814 821 828 835 842 849 856 863 871 879 887 895 903 911 919 927 936 946 956 966 976 986 996 1006 1017 1027 1037 1045 1053 1060 1066 1072 1078 1084 1090 1096 1102 1108 1114 1120 1126 1132 1138 1144 1150 1156 1162 1168 1174 1180 1186 1192 1198 1204 1216 1228 1240 1251 1263 1275 1290 1305 1321 1337 1353 1368 1383 1398 1413 1428 4 20
0000011 AB
350 366 381 396 411 421 431 441 451 461 471 480 489 498 507 517 527 536 545 554 563 572 581 590 599 608 616 624 632 640 648 656 664 672 681 690 699 708 716 724 733 741 750 759 768 778 787 797 806 816 826 836 845 854 863 872 882 891 901 910 920 930 940 949 958 967 976 984 992 1000 1008 1017 1026 1035 1044 1053 1062 1071 1079 1087 1094 1101 1108 1116 1125 1134 1144 1155 1166 1177 1188 1199 1210 1221 1231 1241 1251 1261 1278 1294 1311 1329 1346 1364 1382 1400 1418
0000011 AB red
1160 1172 1194 1205 1216 1286 1303 1320 1334 1340 1434 10 27 44 61
0000011 BA
350 365 380 394 402 410 425 433 440 448 455 465 475 486 497 507 518 527 536 545 554 564 574 583 592 601 610 619 628 637 646 655 663 671 679 687 695 703 711 719 728 737 747 757 765 773 782 790 799 808 817 827 836 846 855 865 875 885 894 903 912 921 931 940 950 959 969 979 989 998 1007 1016 1025 1033 1041 1049 1057 1066 1075 1084 1093 1102 1111 1120 1128 1136 1143 1150 1157 1165 1174 1183 1193 1204 1215 1226 1237 1248 1259 1269 1277 1285 1293 1303 1320 1336 1353 1371 1388 1406 1424 2 20
