1111100 AB
302 317 332 347 356 365 373 381 389 397 405 413 421 429 437 445 453 461 469 477 485 493 501 509 517 525 533 544 555 566 577 588 599 610 621 631 642 653 663 673 683 693 703 713 723 733 743 753 764 775 786 796 807 817 827 837 847 857 867 877 887 897 908 919 930 940 951 961 971 977 983 989 995 1001 1007 1013 1019 1025 1031 1037 1043 1049 1055 1061 1067 1075 1083 1091 1099 1107 1115 1123 1131 1141 1151 1162 1173 1183 1193 1203 1217 1230 1250 1274 1298 1322 1346 1369 1391
1111100 AB red
1136 1146 1157 1178 1188 1198 1240 1258 1266 1280 1286 1292 1304 1310 1316 1330 1338 1413 1435 17 39 61
1111100 BA
360 375 390 405 414 424 433 442 451 462 472 483 493 503 513 521 529 537 545 553 561 569 577 585 593 601 609 619 627 637 647 657 667 678 689 699 710 721 731 741 751 761 771 781 791 801 811 821 832 843 854 864 875 885 895 905 915 925 935 945 955 965 976 987 998 1008 1019 1031 1041 1046 1052 1058 1064 1070 1076 1082 1089 1095 1101 1107 1113 1119 1125 1131 1137 1144 1150 1158 1166 1174 1181 1188 1196 1205 1215 1226 1237 1247 1257 1266 1278 1289 1307 1330 1354 1378 1400 1423 5
0000011 AB
304 322 340 357 374 384 394 404 414 424 434 444 454 464 474 484 494 504 514 524 534 549 564 579 594 609 619 629 639 649 659 669 679 688 697 706 715 724 733 742 751 760 769 778 787 797 811 826 841 855 869 883 897 911 925 940 955 970 985 995 1005 1015 1025 1035 1045 1055 1065 1075 1085 1095 1104 1113 1122 1131 1140 1150 1160 1170 1180 1191 1203 1215 1229 1241 1252 1263 1273 1284 1307 1335 1363 1390
0000011 AB red
1220 1245 1268 1281 1310 1319 1341 1347 1353 1375 1403 1417 5 33 60
0000011 BA
361 379 397 414 431 441 451 461 471 481 493 503 513 524 535 546 556 566 576 586 596 611 626 641 656 671 681 691 701 711 721 731 742 751 761 770 779 788 797 806 815 824 833 842 851 861 875 890 905 919 933 947 961 975 989 1004 1019 1034 1049 1059 1069 1079 1089 1099 1109 1119 1129 1139 1149 1159 1168 1177 1186 1195 1204 1214 1224 1234 1244 1255 1266 1277 1288 1298 1308 1318 1328 1339 1362 1390 1418 5
