0
1
2
3
3Í
4
5
7
8
9
10
11
12
14
15
16
17
18
20
21
22
23
24
24Ê
27
28
29
29Ê
30
31
32
33
34
34Ê
35
36
37
38
39
40
41
42
43
45
46
48
49
50
51
52
53
54
55
57
58
59
60
61
62
64
65
65Ê
66
67
68
69
70
71
72
73Ý
74
75
75Ê
76
76Ý
77
78
79
80Ý
81
82
84
84Ê
85
86
87
88Ê
90
92
93
94
95
96
97
98
101
102
103
104
105
105Ê
106
107
108
109
110
111
112Ý
113
114
116
117
118
120
121
122
123
124
126
127
129
130
131
133
134
135
136
137
142
143
144
144Ê
146
147
147Ê
148
149
150
151
151Ê
152
153
154
155
156
157
157Ê
158
159
160
161
162
163
164
165
166
167
168
169
170
171
173
174
175
176
177
179
180
181
182
183
184
185
186
187
189
192
193
194
196
197
198
199
200
202
203
204
205
205Ê
207
208
209
210
211
212
213
214
215Ê
216
217
218
218Ê
219
220
221
222
223
224
226
227
228
229
230
231
232
233
234
235
237
238
239
240
241
242
245
246
247
248
249
251
251Ê
252
253
254
255
256
257
257Ê
258
260
261
262
263
264
266
267
268
268Ê
269
269Ê
271
272
272Ê
273
274
275
276
278
279
280
281
283
284
285
286
287
288
289
291
292
293
295
296
297
298
299
303
304
304Ê
313
321
349
363
384
385
393
398
400
400Ê
400Ò
400Ý
420
433
444
462
503
507
508
510
512
513
514
515
518
520
526
531
533
560
565
569
570
577
600
603
604
605
607
608
609
610
611
612
613
614
615
616
620
621
622
623
624
625
626
627
627Ê
628
629
630
631
632
633
634
635
636
637
638
639
640
642
642Ê
643
645
646
647
648
649
651
652
653
654
655
655Ê
656
657
659
661
662
663
664
665
668
669
670
670Ê
671
672
674
674Ê
675
677
677Ê
678
679
680
681
682
683
684
685
686
687
688
689
690
692
693
694
695
696
697
698
699
700
701
703
705
706
707
708
709
710
711
712
713
715
716
717
718
719
720
721
722
723
724
724Ê
725
726
728
729
730
731
732
733
734
735
736
737
738
740
741
742
743
744
747
748
749
750
751
752
753
754
756
757
758
758Ê
759
760
761
762
763
763Ê
764
765
766
767
768
769
770
772
773
774
775
776
777
778
779
780
781
782
784
785
786
789
790
791
792
793
794
795
796
797
798
799
800
801
802
803
804
805
806
807
808
811
812
813
815Ê
816
817
818
819
820
821
822
825
826
828
829
830
831
832
833
834
835
836
837
838
839
840
841
842
843
846
847
848
849
850
851
855
857
858
859
860
861
862
863
864
865
866
867
868
869
870
871
872
873
874
874Ê
875
876
878
879
880
881
882
883
884
885
886
887
889
890
890Ê
891
892
893
895
895Ê
896
898
898Ê
899
901
902
903
904
904Ê
905
906
907
908
909
911
928
930
950
958
959
961
962
964
982
983
1001
1002
1004
1133
1147
À
Á
ÁÊ
ÁÍ
ÂÊ
Â×
Ä
Ç-1
Ç-2
Ç-3
Ç-4
Ç-5
Ç-8
Ç-9
Ç-10
Ç-11
Ç-12
Ç-14
Ç-15
Ç-16
Ç-17
Ç-19
Ç-20
Ç-21
Ç-22
Ç-23
Ç-24
Ç-25
Ç-27
Ç-28
Ç-29
Ç-31
Ç-32
Ç-32Ê
Ê
Ë
Ì1
Ì2
Ì3
Ì5
Ì6
Ì7
Ì8
Ì9
Ì10
Ì27
Ì57
Ì89
ÌÖ1
Í1
Í2
Í3
Í4
Í5
Í6
Í7
Í11
Ñ1
Ñ2
Ñ3
Ñ4
Ñ5
Ñ6
Ñ8
Ñ9
Ñ10
Ñ11
Ñ12
Ñ43
Ò
Ò3
Ò10
Ò13
Ò18
Ò19
Ò25
Ò26
Ò29
Ò32
Ò39
Ò47
Ò51
Ò55
Ò56
Ò63
Ò67
Ò71
Ò78
Ò79
Ò86
Ò88
